0, 0, 69, 841
1, 1, 70, 728
2, 2, 54, 577
3, 3, 61, 496
4, 4, 60, 31
5, 5, 75, 901
6, 6, 2, 664
7, 7, 26, 3
8, 8, 72, 818
9, 9, 76, 493
10, 10, 28, 314
11, 11, 30, 945
12, 12, 88, 867
13, 13, 82, 489
14, 14, 61, 435
15, 15, 35, 620
16, 16, 81, 583
17, 17, 27, 83
18, 18, 97, 279
19, 19, 21, 686
20, 20, 88, 941
21, 21, 45, 119
22, 22, 40, 574
23, 23, 81, 535
24, 24, 10, 371
25, 25, 45, 629
26, 26, 50, 785
27, 27, 95, 173
28, 28, 18, 308
29, 29, 46, 221
30, 30, 92, 410
31, 31, 30, 186
32, 32, 63, 324
33, 33, 77, 737
34, 34, 37, 368
35, 35, 64, 769
36, 36, 57, 473
37, 37, 28, 502
38, 38, 31, 792
39, 39, 20, 257
40, 40, 26, 604
41, 41, 89, 882
42, 42, 62, 100
43, 43, 1, 952
44, 44, 58, 838
45, 45, 21, 103
46, 46, 18, 352
47, 47, 14, 704
48, 48, 76, 883
49, 49, 43, 366
50, 50, 14, 719
51, 51, 6, 100
52, 52, 88, 329
53, 53, 4, 733
54, 54, 73, 786
55, 55, 35, 995
56, 56, 41, 881
57, 57, 87, 521
58, 58, 25, 73
59, 59, 13, 436
60, 60, 55, 709
61, 61, 68, 356
62, 62, 71, 127
63, 63, 97, 40
64, 64, 19, 192
65, 65, 10, 735
66, 66, 44, 457
67, 67, 59, 971
68, 68, 11, 472
69, 69, 95, 560
70, 70, 56, 535
71, 71, 50, 595
72, 72, 37, 119
73, 73, 76, 101
74, 74, 67, 578
75, 75, 29, 727
76, 76, 85, 709
77, 77, 47, 167
78, 78, 89, 4
79, 79, 14, 208
80, 80, 49, 535
81, 81, 82, 240
82, 82, 95, 634
83, 83, 4, 906
84, 84, 2, 731
85, 85, 27, 452
86, 86, 77, 452
87, 87, 34, 332
88, 88, 58, 305
89, 89, 11, 483
90, 90, 88, 819
91, 91, 50, 923
92, 92, 89, 475
93, 93, 97, 485
94, 94, 47, 178
95, 95, 29, 355
96, 96, 85, 45
97, 97, 26, 428
98, 98, 67, 886
99, 99, 51, 862
100, 100, 32, 389
101, 101, 8, 109
102, 102, 37, 918
103, 103, 41, 713
104, 104, 62, 947
105, 105, 18, 974
106, 106, 47, 74
107, 107, 49, 558
108, 108, 90, 538
109, 109, 75, 929
110, 110, 5, 535
111, 111, 14, 900
112, 112, 48, 853
113, 113, 68, 519
114, 114, 16, 480
115, 115, 18, 825
116, 116, 49, 850
117, 117, 20, 750
118, 118, 54, 70
119, 119, 37, 168
120, 120, 68, 866
121, 121, 59, 131
122, 122, 62, 497
123, 123, 13, 242
124, 124, 84, 694
125, 125, 45, 816
126, 126, 34, 925
127, 127, 81, 753
128, 128, 41, 147
129, 129, 49, 479
130, 130, 37, 174
131, 131, 56, 320
132, 132, 54, 646
133, 133, 69, 980
134, 134, 45, 35
135, 135, 61, 300
136, 136, 1, 377
137, 137, 74, 166
138, 138, 12, 950
139, 139, 38, 413
140, 140, 72, 588
141, 141, 30, 357
142, 142, 4, 329
143, 143, 74, 893
144, 144, 0, 419
145, 145, 52, 437
146, 146, 44, 330
147, 147, 17, 607
148, 148, 74, 630
149, 149, 71, 370
150, 150, 94, 935
151, 151, 65, 849
152, 152, 87, 524
153, 153, 4, 770
154, 154, 4, 699
155, 155, 60, 458
156, 156, 5, 22
157, 157, 51, 677
158, 158, 41, 943
159, 159, 30, 684
160, 160, 6, 786
161, 161, 79, 856
162, 162, 47, 145
163, 163, 45, 898
164, 164, 61, 341
165, 165, 52, 661
166, 166, 32, 879
167, 167, 45, 163
168, 168, 2, 775
169, 169, 25, 899
170, 170, 24, 732
171, 171, 80, 700
172, 172, 28, 898
173, 173, 56, 484
174, 174, 10, 978
175, 175, 64, 146
176, 176, 98, 795
177, 177, 98, 497
178, 178, 44, 614
179, 179, 97, 397
180, 180, 0, 727
181, 181, 2, 936
182, 182, 53, 367
183, 183, 5, 725
184, 184, 97, 455
185, 185, 25, 270
186, 186, 66, 839
187, 187, 64, 305
188, 188, 80, 356
189, 189, 64, 429
190, 190, 67, 207
191, 191, 28, 250
192, 192, 4, 898
193, 193, 11, 87
194, 194, 41, 831
195, 195, 39, 229
196, 196, 50, 577
197, 197, 61, 584
198, 198, 40, 499
199, 199, 46, 437
200, 200, 52, 711
201, 201, 35, 407
202, 202, 59, 870
203, 203, 58, 276
204, 204, 93, 766
205, 205, 0, 661
206, 206, 21, 459
207, 207, 34, 346
208, 208, 37, 468
209, 209, 96, 835
210, 210, 47, 318
211, 211, 69, 484
212, 212, 76, 302
213, 213, 30, 992
214, 214, 28, 495
215, 215, 46, 766
216, 216, 48, 683
217, 217, 47, 569
218, 218, 31, 254
219, 219, 20, 601
220, 220, 12, 766
221, 221, 11, 415
222, 222, 29, 615
223, 223, 14, 789
224, 224, 37, 420
225, 225, 17, 540
226, 226, 58, 232
227, 227, 70, 399
228, 228, 73, 250
229, 229, 25, 805
230, 230, 31, 294
231, 231, 31, 244
232, 232, 12, 151
233, 233, 63, 121
234, 234, 58, 395
235, 235, 56, 380
236, 236, 93, 192
237, 237, 55, 615
238, 238, 98, 866
239, 239, 72, 407
240, 240, 35, 142
241, 241, 47, 308
242, 242, 86, 304
243, 243, 38, 299
244, 244, 90, 553
245, 245, 70, 138
246, 246, 47, 189
247, 247, 8, 779
248, 248, 40, 680
249, 249, 45, 74
250, 250, 8, 25
251, 251, 41, 40
252, 252, 26, 406
253, 253, 74, 234
254, 254, 27, 639
255, 255, 97, 524
256, 256, 75, 975
257, 257, 38, 151
258, 258, 55, 876
259, 259, 93, 186
260, 260, 78, 208
261, 261, 52, 596
262, 262, 45, 408
263, 263, 57, 719
264, 264, 81, 113
265, 265, 66, 888
266, 266, 65, 91
267, 267, 24, 707
268, 268, 2, 830
269, 269, 4, 588
270, 270, 88, 769
271, 271, 3, 112
272, 272, 93, 641
273, 273, 70, 618
274, 274, 33, 38
275, 275, 64, 289
276, 276, 53, 394
277, 277, 4, 191
278, 278, 57, 970
279, 279, 86, 436
280, 280, 58, 583
281, 281, 9, 281
282, 282, 49, 950
283, 283, 87, 432
284, 284, 94, 267
285, 285, 62, 928
286, 286, 4, 373
287, 287, 88, 615
288, 288, 10, 994
289, 289, 42, 176
290, 290, 24, 571
291, 291, 89, 605
292, 292, 24, 267
293, 293, 74, 470
294, 294, 4, 145
295, 295, 44, 846
296, 296, 52, 388
297, 297, 23, 750
298, 298, 16, 38
299, 299, 36, 691
300, 300, 24, 617
301, 301, 4, 971
302, 302, 85, 823
303, 303, 67, 85
304, 304, 86, 190
305, 305, 59, 638
306, 306, 7, 271
307, 307, 26, 744
308, 308, 38, 807
309, 309, 9, 197
310, 310, 11, 879
311, 311, 25, 969
312, 312, 18, 150
313, 313, 68, 358
314, 314, 9, 551
315, 315, 81, 560
316, 316, 7, 909
317, 317, 26, 424
318, 318, 33, 314
319, 319, 60, 343
320, 320, 24, 47
321, 321, 85, 152
322, 322, 80, 86
323, 323, 45, 376
324, 324, 99, 731
325, 325, 66, 593
326, 326, 17, 185
327, 327, 19, 609
328, 328, 5, 313
329, 329, 63, 978
330, 330, 86, 308
331, 331, 56, 227
332, 332, 28, 898
333, 333, 95, 100
334, 334, 26, 243
335, 335, 92, 967
336, 336, 4, 83
337, 337, 55, 65
338, 338, 97, 755
339, 339, 48, 839
340, 340, 36, 346
341, 341, 68, 70
342, 342, 25, 499
343, 343, 29, 131
344, 344, 80, 623
345, 345, 38, 345
346, 346, 89, 219
347, 347, 80, 296
348, 348, 90, 396
349, 349, 4, 138
350, 350, 50, 935
351, 351, 5, 34
352, 352, 6, 725
353, 353, 50, 766
354, 354, 15, 315
355, 355, 71, 835
356, 356, 9, 992
357, 357, 60, 583
358, 358, 87, 176
359, 359, 27, 57
360, 360, 39, 670
361, 361, 74, 29
362, 362, 11, 630
363, 363, 62, 187
364, 364, 50, 519
365, 365, 60, 535
366, 366, 82, 304
367, 367, 1, 556
368, 368, 11, 850
369, 369, 41, 746
370, 370, 35, 50
371, 371, 96, 286
372, 372, 16, 370
373, 373, 2, 776
374, 374, 78, 949
375, 375, 5, 656
376, 376, 75, 801
377, 377, 62, 802
378, 378, 32, 986
379, 379, 44, 105
380, 380, 79, 552
381, 381, 4, 359
382, 382, 18, 338
383, 383, 58, 961
384, 384, 3, 500
385, 385, 86, 641
386, 386, 3, 604
387, 387, 72, 334
388, 388, 75, 635
389, 389, 6, 799
390, 390, 84, 830
391, 391, 87, 868
392, 392, 35, 988
393, 393, 88, 645
394, 394, 17, 610
395, 395, 27, 676
396, 396, 5, 490
397, 397, 16, 973
398, 398, 26, 571
399, 399, 62, 814
400, 400, 25, 41
401, 401, 82, 33
402, 402, 48, 5
403, 403, 24, 262
404, 404, 66, 959
405, 405, 67, 797
406, 406, 51, 495
407, 407, 10, 50
408, 408, 35, 372
409, 409, 88, 481
410, 410, 80, 556
411, 411, 96, 753
412, 412, 25, 962
413, 413, 36, 669
414, 414, 82, 605
415, 415, 52, 501
416, 416, 13, 380
417, 417, 12, 387
418, 418, 86, 328
419, 419, 83, 681
420, 420, 92, 690
421, 421, 94, 553
422, 422, 73, 580
423, 423, 84, 708
424, 424, 68, 564
425, 425, 36, 99
426, 426, 1, 874
427, 427, 34, 716
428, 428, 62, 250
429, 429, 87, 644
430, 430, 2, 285
431, 431, 13, 827
432, 432, 32, 570
433, 433, 2, 470
434, 434, 9, 794
435, 435, 96, 117
436, 436, 65, 385
437, 437, 62, 788
438, 438, 64, 64
439, 439, 11, 927
440, 440, 2, 520
441, 441, 42, 967
442, 442, 90, 897
443, 443, 17, 457
444, 444, 89, 160
445, 445, 58, 454
446, 446, 17, 975
447, 447, 55, 557
448, 448, 9, 646
449, 449, 41, 611
450, 450, 49, 391
451, 451, 66, 253
452, 452, 98, 383
453, 453, 92, 397
454, 454, 13, 257
455, 455, 54, 560
456, 456, 43, 284
457, 457, 46, 768
458, 458, 50, 109
459, 459, 65, 925
460, 460, 85, 95
461, 461, 32, 222
462, 462, 5, 126
463, 463, 92, 341
464, 464, 52, 732
465, 465, 80, 377
466, 466, 57, 227
467, 467, 62, 949
468, 468, 10, 553
469, 469, 92, 621
470, 470, 20, 865
471, 471, 17, 569
472, 472, 30, 77
473, 473, 14, 354
474, 474, 81, 153
475, 475, 66, 122
476, 476, 70, 460
477, 477, 90, 792
478, 478, 44, 16
479, 479, 34, 600
480, 480, 58, 32
481, 481, 8, 386
482, 482, 75, 633
483, 483, 13, 665
484, 484, 18, 801
485, 485, 57, 43
486, 486, 9, 628
487, 487, 41, 144
488, 488, 84, 830
489, 489, 23, 139
490, 490, 86, 139
491, 491, 5, 781
492, 492, 29, 681
493, 493, 88, 169
494, 494, 40, 655
495, 495, 35, 195
496, 496, 90, 551
497, 497, 77, 66
498, 498, 25, 958
499, 499, 92, 372
500, 500, 65, 181
501, 501, 12, 465
502, 502, 80, 488
503, 503, 48, 143
504, 504, 11, 659
505, 505, 64, 772
506, 506, 23, 301
507, 507, 20, 547
508, 508, 89, 556
509, 509, 33, 549
510, 510, 67, 280
511, 511, 42, 400
512, 512, 13, 884
513, 513, 59, 382
514, 514, 65, 150
515, 515, 33, 468
516, 516, 99, 168
517, 517, 89, 771
518, 518, 92, 439
519, 519, 12, 244
520, 520, 91, 673
521, 521, 27, 971
522, 522, 10, 684
523, 523, 57, 774
524, 524, 59, 273
525, 525, 70, 639
526, 526, 30, 15
527, 527, 83, 973
528, 528, 50, 147
529, 529, 45, 785
530, 530, 41, 861
531, 531, 42, 564
532, 532, 41, 535
533, 533, 59, 54
534, 534, 27, 814
535, 535, 51, 137
536, 536, 18, 883
537, 537, 41, 348
538, 538, 96, 291
539, 539, 59, 195
540, 540, 22, 642
541, 541, 11, 740
542, 542, 53, 407
543, 543, 3, 405
544, 544, 22, 273
545, 545, 64, 680
546, 546, 98, 287
547, 547, 22, 888
548, 548, 34, 748
549, 549, 56, 342
550, 550, 88, 825
551, 551, 39, 948
552, 552, 3, 45
553, 553, 70, 426
554, 554, 37, 960
555, 555, 54, 791
556, 556, 70, 69
557, 557, 39, 943
558, 558, 32, 197
559, 559, 52, 731
560, 560, 80, 848
561, 561, 71, 279
562, 562, 28, 583
563, 563, 65, 324
564, 564, 51, 725
565, 565, 73, 894
566, 566, 18, 68
567, 567, 3, 999
568, 568, 47, 843
569, 569, 1, 34
570, 570, 61, 941
571, 571, 74, 284
572, 572, 68, 77
573, 573, 7, 741
574, 574, 51, 845
575, 575, 8, 941
576, 576, 28, 918
577, 577, 79, 617
578, 578, 31, 722
579, 579, 64, 932
580, 580, 75, 181
581, 581, 89, 170
582, 582, 79, 290
583, 583, 48, 40
584, 584, 88, 170
585, 585, 31, 47
586, 586, 52, 319
587, 587, 16, 200
588, 588, 31, 279
589, 589, 39, 217
590, 590, 82, 163
591, 591, 14, 413
592, 592, 59, 679
593, 593, 76, 146
594, 594, 23, 628
595, 595, 85, 884
596, 596, 47, 913
597, 597, 2, 999
598, 598, 25, 713
599, 599, 32, 690
600, 600, 82, 693
601, 601, 8, 158
602, 602, 50, 730
603, 603, 42, 77
604, 604, 12, 733
605, 605, 90, 240
606, 606, 45, 131
607, 607, 89, 369
608, 608, 60, 133
609, 609, 33, 359
610, 610, 44, 937
611, 611, 46, 880
612, 612, 69, 268
613, 613, 32, 657
614, 614, 45, 835
615, 615, 9, 120
616, 616, 79, 56
617, 617, 67, 475
618, 618, 19, 617
619, 619, 30, 9
620, 620, 82, 269
621, 621, 73, 181
622, 622, 40, 984
623, 623, 52, 700
624, 624, 63, 350
625, 625, 79, 876
626, 626, 62, 92
627, 627, 41, 92
628, 628, 96, 842
629, 629, 45, 35
630, 630, 55, 276
631, 631, 61, 664
632, 632, 66, 944
633, 633, 25, 776
634, 634, 59, 34
635, 635, 51, 687
636, 636, 61, 490
637, 637, 72, 157
638, 638, 94, 136
639, 639, 36, 866
640, 640, 17, 974
641, 641, 10, 100
642, 642, 48, 827
643, 643, 24, 348
644, 644, 61, 775
645, 645, 99, 242
646, 646, 99, 810
647, 647, 66, 173
648, 648, 28, 552
649, 649, 57, 788
650, 650, 61, 439
651, 651, 33, 418
652, 652, 90, 225
653, 653, 74, 220
654, 654, 45, 548
655, 655, 54, 6
656, 656, 78, 927
657, 657, 17, 380
658, 658, 20, 272
659, 659, 42, 157
660, 660, 54, 808
661, 661, 94, 473
662, 662, 69, 71
663, 663, 3, 139
664, 664, 91, 980
665, 665, 92, 49
666, 666, 51, 341
667, 667, 40, 600
668, 668, 89, 645
669, 669, 4, 885
670, 670, 19, 523
671, 671, 95, 638
672, 672, 24, 895
673, 673, 21, 695
674, 674, 68, 695
675, 675, 64, 305
676, 676, 43, 456
677, 677, 7, 20
678, 678, 5, 873
679, 679, 16, 861
680, 680, 31, 904
681, 681, 90, 507
682, 682, 59, 880
683, 683, 16, 508
684, 684, 92, 306
685, 685, 10, 316
686, 686, 49, 416
687, 687, 94, 453
688, 688, 37, 585
689, 689, 34, 962
690, 690, 14, 574
691, 691, 28, 245
692, 692, 15, 779
693, 693, 38, 257
694, 694, 35, 897
695, 695, 66, 193
696, 696, 99, 833
697, 697, 91, 415
698, 698, 43, 307
699, 699, 74, 9
700, 700, 33, 748
701, 701, 15, 326
702, 702, 7, 822
703, 703, 14, 647
704, 704, 37, 249
705, 705, 59, 976
706, 706, 76, 695
707, 707, 28, 477
708, 708, 90, 326
709, 709, 15, 106
710, 710, 90, 718
711, 711, 43, 570
712, 712, 95, 458
713, 713, 82, 57
714, 714, 41, 3
715, 715, 32, 21
716, 716, 20, 944
717, 717, 16, 311
718, 718, 45, 50
719, 719, 62, 336
720, 720, 71, 860
721, 721, 29, 566
722, 722, 83, 952
723, 723, 58, 54
724, 724, 53, 724
725, 725, 37, 435
726, 726, 60, 883
727, 727, 89, 324
728, 728, 84, 759
729, 729, 48, 796
730, 730, 22, 204
731, 731, 92, 459
732, 732, 80, 785
733, 733, 37, 314
734, 734, 31, 704
735, 735, 11, 644
736, 736, 31, 301
737, 737, 32, 975
738, 738, 43, 291
739, 739, 48, 914
740, 740, 39, 97
741, 741, 17, 881
742, 742, 27, 803
743, 743, 82, 579
744, 744, 1, 629
745, 745, 40, 885
746, 746, 58, 98
747, 747, 85, 119
748, 748, 1, 475
749, 749, 41, 364
750, 750, 21, 556
751, 751, 58, 975
752, 752, 58, 232
753, 753, 23, 568
754, 754, 56, 228
755, 755, 85, 990
756, 756, 48, 369
757, 757, 55, 55
758, 758, 24, 715
759, 759, 68, 19
760, 760, 26, 303
761, 761, 23, 239
762, 762, 57, 41
763, 763, 47, 405
764, 764, 32, 19
765, 765, 5, 120
766, 766, 31, 881
767, 767, 48, 605
768, 768, 35, 545
769, 769, 15, 61
770, 770, 94, 521
771, 771, 37, 791
772, 772, 29, 97
773, 773, 66, 130
774, 774, 40, 551
775, 775, 78, 872
776, 776, 40, 721
777, 777, 97, 214
778, 778, 11, 548
779, 779, 90, 41
780, 780, 28, 851
781, 781, 41, 682
782, 782, 61, 380
783, 783, 55, 770
784, 784, 55, 789
785, 785, 76, 665
786, 786, 5, 524
787, 787, 29, 215
788, 788, 62, 652
789, 789, 47, 213
790, 790, 93, 658
791, 791, 61, 430
792, 792, 26, 343
793, 793, 37, 352
794, 794, 52, 593
795, 795, 55, 279
796, 796, 13, 921
797, 797, 20, 344
798, 798, 98, 913
799, 799, 69, 58
800, 800, 85, 719
801, 801, 41, 928
802, 802, 97, 994
803, 803, 79, 91
804, 804, 77, 118
805, 805, 37, 821
806, 806, 0, 714
807, 807, 75, 841
808, 808, 89, 838
809, 809, 64, 878
810, 810, 35, 81
811, 811, 60, 34
812, 812, 32, 913
813, 813, 59, 811
814, 814, 80, 524
815, 815, 61, 1
816, 816, 65, 395
817, 817, 31, 671
818, 818, 45, 999
819, 819, 25, 240
820, 820, 29, 243
821, 821, 26, 830
822, 822, 61, 609
823, 823, 94, 717
824, 824, 0, 929
825, 825, 42, 775
826, 826, 14, 699
827, 827, 91, 576
828, 828, 21, 381
829, 829, 69, 10
830, 830, 37, 577
831, 831, 7, 691
832, 832, 36, 774
833, 833, 85, 322
834, 834, 83, 31
835, 835, 22, 424
836, 836, 87, 808
837, 837, 36, 411
838, 838, 96, 940
839, 839, 4, 326
840, 840, 48, 468
841, 841, 87, 300
842, 842, 55, 114
843, 843, 31, 492
844, 844, 66, 163
845, 845, 95, 534
846, 846, 3, 475
847, 847, 60, 172
848, 848, 53, 123
849, 849, 9, 348
850, 850, 57, 693
851, 851, 66, 257
852, 852, 5, 640
853, 853, 27, 929
854, 854, 1, 879
855, 855, 87, 65
856, 856, 44, 611
857, 857, 14, 380
858, 858, 44, 713
859, 859, 68, 155
860, 860, 94, 455
861, 861, 13, 630
862, 862, 32, 551
863, 863, 98, 744
864, 864, 93, 118
865, 865, 80, 497
866, 866, 13, 718
867, 867, 93, 806
868, 868, 38, 455
869, 869, 24, 395
870, 870, 31, 717
871, 871, 34, 680
872, 872, 16, 571
873, 873, 55, 801
874, 874, 11, 653
875, 875, 70, 759
876, 876, 66, 867
877, 877, 99, 340
878, 878, 61, 537
879, 879, 3, 748
880, 880, 39, 355
881, 881, 21, 670
882, 882, 65, 262
883, 883, 27, 506
884, 884, 95, 698
885, 885, 91, 773
886, 886, 84, 836
887, 887, 93, 792
888, 888, 57, 287
889, 889, 52, 975
890, 890, 29, 674
891, 891, 62, 29
892, 892, 96, 805
893, 893, 84, 12
894, 894, 70, 205
895, 895, 49, 906
896, 896, 51, 767
897, 897, 74, 63
898, 898, 78, 641
899, 899, 16, 427
900, 900, 39, 796
901, 901, 55, 196
902, 902, 98, 62
903, 903, 49, 741
904, 904, 14, 691
905, 905, 11, 755
906, 906, 66, 692
907, 907, 86, 385
908, 908, 99, 408
909, 909, 29, 795
910, 910, 63, 886
911, 911, 70, 151
912, 912, 78, 637
913, 913, 48, 127
914, 914, 84, 939
915, 915, 89, 723
916, 916, 71, 9
917, 917, 62, 28
918, 918, 47, 511
919, 919, 92, 84
920, 920, 31, 820
921, 921, 0, 976
922, 922, 54, 342
923, 923, 8, 959
924, 924, 12, 224
925, 925, 89, 260
926, 926, 40, 514
927, 927, 89, 63
928, 928, 44, 465
929, 929, 74, 323
930, 930, 27, 703
931, 931, 1, 968
932, 932, 26, 621
933, 933, 89, 488
934, 934, 53, 285
935, 935, 68, 783
936, 936, 41, 165
937, 937, 69, 779
938, 938, 69, 525
939, 939, 7, 411
940, 940, 6, 802
941, 941, 61, 892
942, 942, 57, 539
943, 943, 87, 383
944, 944, 35, 896
945, 945, 70, 870
946, 946, 23, 626
947, 947, 40, 149
948, 948, 20, 557
949, 949, 87, 477
950, 950, 93, 419
951, 951, 56, 739
952, 952, 96, 58
953, 953, 72, 288
954, 954, 75, 381
955, 955, 59, 18
956, 956, 54, 953
957, 957, 49, 55
958, 958, 85, 373
959, 959, 14, 841
960, 960, 9, 549
961, 961, 69, 941
962, 962, 8, 88
963, 963, 34, 6
964, 964, 46, 524
965, 965, 30, 310
966, 966, 79, 916
967, 967, 92, 845
968, 968, 58, 760
969, 969, 93, 602
970, 970, 88, 266
971, 971, 12, 910
972, 972, 23, 289
973, 973, 76, 248
974, 974, 70, 766
975, 975, 8, 955
976, 976, 94, 932
977, 977, 18, 427
978, 978, 53, 909
979, 979, 55, 686
980, 980, 95, 215
981, 981, 43, 952
982, 982, 79, 925
983, 983, 68, 23
984, 984, 82, 873
985, 985, 82, 797
986, 986, 95, 624
987, 987, 98, 644
988, 988, 29, 22
989, 989, 63, 772
990, 990, 70, 584
991, 991, 99, 767
992, 992, 21, 649
993, 993, 67, 165
994, 994, 64, 556
995, 995, 39, 979
996, 996, 88, 568
997, 997, 85, 511
998, 998, 65, 585
999, 999, 12, 559
1000, 1000, 85, 763
1001, 1001, 13, 535
1002, 1002, 90, 746
1003, 1003, 85, 976
1004, 1004, 45, 965
1005, 1005, 98, 214
1006, 1006, 11, 297
1007, 1007, 65, 570
1008, 1008, 98, 409
1009, 1009, 41, 494
1010, 1010, 95, 506
1011, 1011, 91, 736
1012, 1012, 32, 685
1013, 1013, 17, 877
1014, 1014, 89, 246
1015, 1015, 13, 591
1016, 1016, 93, 354
1017, 1017, 66, 433
1018, 1018, 71, 485
1019, 1019, 78, 151
1020, 1020, 70, 753
1021, 1021, 29, 50
1022, 1022, 59, 450
1023, 1023, 85, 985
1024, 1024, 18, 439
1025, 1025, 71, 851
1026, 1026, 48, 819
1027, 1027, 58, 241
1028, 1028, 27, 857
1029, 1029, 71, 689
1030, 1030, 59, 126
1031, 1031, 69, 421
1032, 1032, 50, 336
1033, 1033, 50, 465
1034, 1034, 12, 797
1035, 1035, 84, 155
1036, 1036, 85, 550
1037, 1037, 95, 14
1038, 1038, 23, 258
1039, 1039, 27, 182
1040, 1040, 40, 759
1041, 1041, 74, 712
1042, 1042, 1, 811
1043, 1043, 91, 642
1044, 1044, 74, 361
1045, 1045, 2, 373
1046, 1046, 63, 406
1047, 1047, 74, 515
1048, 1048, 98, 779
1049, 1049, 77, 187
1050, 1050, 71, 646
1051, 1051, 59, 490
1052, 1052, 85, 217
1053, 1053, 80, 979
1054, 1054, 59, 828
1055, 1055, 8, 303
1056, 1056, 20, 693
1057, 1057, 58, 328
1058, 1058, 95, 534
1059, 1059, 76, 735
1060, 1060, 92, 495
1061, 1061, 95, 813
1062, 1062, 68, 226
1063, 1063, 91, 327
1064, 1064, 8, 182
1065, 1065, 79, 154
1066, 1066, 1, 683
1067, 1067, 3, 606
1068, 1068, 94, 901
1069, 1069, 50, 272
1070, 1070, 63, 443
1071, 1071, 62, 15
1072, 1072, 79, 110
1073, 1073, 31, 279
1074, 1074, 70, 871
1075, 1075, 49, 588
1076, 1076, 22, 201
1077, 1077, 50, 270
1078, 1078, 72, 646
1079, 1079, 48, 275
1080, 1080, 77, 174
1081, 1081, 31, 939
1082, 1082, 86, 345
1083, 1083, 72, 693
1084, 1084, 57, 910
1085, 1085, 31, 486
1086, 1086, 23, 900
1087, 1087, 51, 673
1088, 1088, 36, 677
1089, 1089, 28, 594
1090, 1090, 10, 683
1091, 1091, 24, 277
1092, 1092, 31, 866
1093, 1093, 34, 44
1094, 1094, 41, 518
1095, 1095, 81, 725
1096, 1096, 23, 133
1097, 1097, 74, 105
1098, 1098, 22, 260
1099, 1099, 18, 649
1100, 1100, 10, 192
1101, 1101, 91, 324
1102, 1102, 39, 187
1103, 1103, 78, 979
1104, 1104, 0, 719
1105, 1105, 45, 613
1106, 1106, 19, 750
1107, 1107, 78, 222
1108, 1108, 83, 711
1109, 1109, 48, 154
1110, 1110, 36, 613
1111, 1111, 58, 128
1112, 1112, 78, 217
1113, 1113, 32, 305
1114, 1114, 81, 888
1115, 1115, 30, 408
1116, 1116, 23, 152
1117, 1117, 40, 403
1118, 1118, 71, 516
1119, 1119, 22, 472
1120, 1120, 34, 974
1121, 1121, 40, 195
1122, 1122, 73, 396
1123, 1123, 80, 467
1124, 1124, 95, 123
1125, 1125, 4, 469
1126, 1126, 29, 592
1127, 1127, 76, 975
1128, 1128, 12, 830
1129, 1129, 32, 927
1130, 1130, 19, 473
1131, 1131, 91, 868
1132, 1132, 94, 17
1133, 1133, 76, 978
1134, 1134, 50, 106
1135, 1135, 14, 875
1136, 1136, 11, 608
1137, 1137, 91, 433
1138, 1138, 52, 984
1139, 1139, 21, 80
1140, 1140, 35, 346
1141, 1141, 93, 792
1142, 1142, 29, 891
1143, 1143, 54, 808
1144, 1144, 96, 622
1145, 1145, 79, 102
1146, 1146, 75, 410
1147, 1147, 12, 163
1148, 1148, 95, 767
1149, 1149, 83, 35
1150, 1150, 14, 322
1151, 1151, 11, 42
1152, 1152, 46, 288
1153, 1153, 14, 410
1154, 1154, 92, 263
1155, 1155, 5, 329
1156, 1156, 97, 344
1157, 1157, 48, 751
1158, 1158, 6, 913
1159, 1159, 8, 678
1160, 1160, 99, 887
1161, 1161, 64, 490
1162, 1162, 95, 40
1163, 1163, 19, 367
1164, 1164, 61, 335
1165, 1165, 3, 946
1166, 1166, 5, 448
1167, 1167, 54, 688
1168, 1168, 75, 939
1169, 1169, 3, 2
1170, 1170, 64, 117
1171, 1171, 36, 386
1172, 1172, 55, 962
1173, 1173, 45, 296
1174, 1174, 0, 960
1175, 1175, 50, 77
1176, 1176, 11, 756
1177, 1177, 40, 552
1178, 1178, 62, 559
1179, 1179, 12, 838
1180, 1180, 12, 771
1181, 1181, 38, 44
1182, 1182, 49, 632
1183, 1183, 96, 617
1184, 1184, 59, 972
1185, 1185, 72, 895
1186, 1186, 34, 926
1187, 1187, 14, 160
1188, 1188, 9, 499
1189, 1189, 39, 44
1190, 1190, 57, 178
1191, 1191, 88, 560
1192, 1192, 32, 810
1193, 1193, 83, 707
1194, 1194, 51, 595
1195, 1195, 77, 755
1196, 1196, 40, 97
1197, 1197, 80, 725
1198, 1198, 92, 357
1199, 1199, 92, 256
1200, 1200, 81, 415
1201, 1201, 65, 226
1202, 1202, 92, 38
1203, 1203, 71, 949
1204, 1204, 18, 695
1205, 1205, 75, 842
1206, 1206, 84, 68
1207, 1207, 42, 301
1208, 1208, 85, 715
1209, 1209, 65, 928
1210, 1210, 27, 848
1211, 1211, 87, 642
1212, 1212, 95, 173
1213, 1213, 31, 144
1214, 1214, 15, 789
1215, 1215, 81, 275
1216, 1216, 78, 536
1217, 1217, 72, 50
1218, 1218, 11, 624
1219, 1219, 32, 934
1220, 1220, 90, 75
1221, 1221, 49, 867
1222, 1222, 61, 825
1223, 1223, 52, 575
1224, 1224, 62, 869
1225, 1225, 65, 219
1226, 1226, 38, 969
1227, 1227, 91, 630
1228, 1228, 22, 729
1229, 1229, 93, 609
1230, 1230, 14, 346
1231, 1231, 14, 453
1232, 1232, 49, 828
1233, 1233, 59, 177
1234, 1234, 87, 929
1235, 1235, 44, 783
1236, 1236, 42, 346
1237, 1237, 96, 950
1238, 1238, 71, 903
1239, 1239, 27, 122
1240, 1240, 24, 659
1241, 1241, 88, 991
1242, 1242, 85, 339
1243, 1243, 84, 461
1244, 1244, 63, 131
1245, 1245, 46, 861
1246, 1246, 57, 801
1247, 1247, 24, 338
1248, 1248, 14, 949
1249, 1249, 70, 835
1250, 1250, 85, 141
1251, 1251, 50, 389
1252, 1252, 73, 568
1253, 1253, 5, 437
1254, 1254, 12, 688
1255, 1255, 62, 610
1256, 1256, 42, 898
1257, 1257, 25, 401
1258, 1258, 30, 322
1259, 1259, 94, 930
1260, 1260, 5, 167
1261, 1261, 55, 400
1262, 1262, 92, 141
1263, 1263, 0, 918
1264, 1264, 90, 402
1265, 1265, 75, 661
1266, 1266, 43, 192
1267, 1267, 76, 538
1268, 1268, 7, 321
1269, 1269, 84, 268
1270, 1270, 98, 289
1271, 1271, 97, 563
1272, 1272, 96, 709
1273, 1273, 21, 452
1274, 1274, 18, 937
1275, 1275, 17, 17
1276, 1276, 73, 695
1277, 1277, 56, 405
1278, 1278, 7, 884
1279, 1279, 3, 909
1280, 1280, 68, 140
1281, 1281, 84, 258
1282, 1282, 69, 646
1283, 1283, 98, 899
1284, 1284, 57, 290
1285, 1285, 60, 16
1286, 1286, 78, 382
1287, 1287, 68, 225
1288, 1288, 71, 696
1289, 1289, 92, 412
1290, 1290, 92, 606
1291, 1291, 41, 54
1292, 1292, 58, 625
1293, 1293, 65, 537
1294, 1294, 70, 280
1295, 1295, 27, 171
1296, 1296, 16, 697
1297, 1297, 37, 575
1298, 1298, 93, 866
1299, 1299, 50, 293
1300, 1300, 38, 902
1301, 1301, 82, 196
1302, 1302, 60, 387
1303, 1303, 23, 168
1304, 1304, 82, 807
1305, 1305, 29, 183
1306, 1306, 94, 307
1307, 1307, 63, 37
1308, 1308, 5, 616
1309, 1309, 45, 199
1310, 1310, 24, 326
1311, 1311, 10, 388
1312, 1312, 27, 356
1313, 1313, 35, 424
1314, 1314, 14, 161
1315, 1315, 29, 34
1316, 1316, 75, 681
1317, 1317, 57, 533
1318, 1318, 44, 371
1319, 1319, 47, 372
1320, 1320, 26, 295
1321, 1321, 18, 438
1322, 1322, 23, 757
1323, 1323, 33, 978
1324, 1324, 1, 352
1325, 1325, 61, 628
1326, 1326, 35, 426
1327, 1327, 91, 172
1328, 1328, 85, 833
1329, 1329, 94, 0
1330, 1330, 8, 671
1331, 1331, 24, 104
1332, 1332, 91, 7
1333, 1333, 46, 735
1334, 1334, 6, 915
1335, 1335, 86, 345
1336, 1336, 58, 499
1337, 1337, 48, 264
1338, 1338, 90, 464
1339, 1339, 65, 937
1340, 1340, 74, 430
1341, 1341, 16, 683
1342, 1342, 5, 447
1343, 1343, 54, 487
1344, 1344, 41, 197
1345, 1345, 18, 843
1346, 1346, 82, 768
1347, 1347, 70, 257
1348, 1348, 7, 589
1349, 1349, 29, 53
1350, 1350, 46, 535
1351, 1351, 94, 363
1352, 1352, 83, 543
1353, 1353, 22, 670
1354, 1354, 17, 391
1355, 1355, 50, 206
1356, 1356, 37, 629
1357, 1357, 64, 817
1358, 1358, 68, 491
1359, 1359, 88, 146
1360, 1360, 43, 570
1361, 1361, 14, 966
1362, 1362, 25, 311
1363, 1363, 67, 683
1364, 1364, 58, 638
1365, 1365, 82, 227
1366, 1366, 36, 475
1367, 1367, 34, 919
1368, 1368, 72, 208
1369, 1369, 26, 959
1370, 1370, 66, 391
1371, 1371, 4, 117
1372, 1372, 97, 393
1373, 1373, 50, 561
1374, 1374, 46, 288
1375, 1375, 71, 271
1376, 1376, 88, 799
1377, 1377, 39, 253
1378, 1378, 66, 361
1379, 1379, 19, 416
1380, 1380, 24, 462
1381, 1381, 92, 158
1382, 1382, 92, 58
1383, 1383, 74, 471
1384, 1384, 9, 896
1385, 1385, 24, 205
1386, 1386, 67, 469
1387, 1387, 7, 410
1388, 1388, 58, 46
1389, 1389, 5, 432
1390, 1390, 76, 779
1391, 1391, 65, 483
1392, 1392, 27, 61
1393, 1393, 45, 139
1394, 1394, 23, 690
1395, 1395, 86, 766
1396, 1396, 34, 466
1397, 1397, 60, 202
1398, 1398, 69, 298
1399, 1399, 22, 352
1400, 1400, 55, 893
1401, 1401, 82, 940
1402, 1402, 18, 698
1403, 1403, 31, 817
1404, 1404, 81, 625
1405, 1405, 27, 889
1406, 1406, 18, 855
1407, 1407, 52, 402
1408, 1408, 24, 690
1409, 1409, 47, 157
1410, 1410, 29, 270
1411, 1411, 85, 215
1412, 1412, 27, 101
1413, 1413, 61, 954
1414, 1414, 13, 229
1415, 1415, 86, 902
1416, 1416, 25, 419
1417, 1417, 18, 313
1418, 1418, 48, 221
1419, 1419, 65, 854
1420, 1420, 54, 277
1421, 1421, 93, 529
1422, 1422, 12, 338
1423, 1423, 70, 633
1424, 1424, 92, 49
1425, 1425, 94, 110
1426, 1426, 68, 40
1427, 1427, 94, 561
1428, 1428, 44, 747
1429, 1429, 72, 419
1430, 1430, 14, 744
1431, 1431, 19, 126
1432, 1432, 63, 508
1433, 1433, 68, 495
1434, 1434, 89, 56
1435, 1435, 12, 589
1436, 1436, 7, 687
1437, 1437, 58, 92
1438, 1438, 22, 526
1439, 1439, 38, 250
1440, 1440, 26, 502
1441, 1441, 53, 818
1442, 1442, 52, 302
1443, 1443, 11, 767
1444, 1444, 64, 24
1445, 1445, 25, 32
1446, 1446, 21, 798
1447, 1447, 51, 98
1448, 1448, 66, 806
1449, 1449, 82, 811
1450, 1450, 61, 585
1451, 1451, 3, 562
1452, 1452, 91, 881
1453, 1453, 24, 421
1454, 1454, 92, 168
1455, 1455, 85, 474
1456, 1456, 99, 150
1457, 1457, 13, 143
1458, 1458, 69, 258
1459, 1459, 15, 405
1460, 1460, 87, 145
1461, 1461, 80, 702
1462, 1462, 15, 173
1463, 1463, 8, 487
1464, 1464, 86, 124
1465, 1465, 94, 817
1466, 1466, 36, 794
1467, 1467, 76, 682
1468, 1468, 99, 489
1469, 1469, 92, 816
1470, 1470, 77, 468
1471, 1471, 65, 310
1472, 1472, 18, 651
1473, 1473, 90, 575
1474, 1474, 3, 721
1475, 1475, 74, 758
1476, 1476, 50, 697
1477, 1477, 44, 888
1478, 1478, 30, 903
1479, 1479, 53, 474
1480, 1480, 65, 563
1481, 1481, 68, 452
1482, 1482, 81, 951
1483, 1483, 14, 567
1484, 1484, 49, 546
1485, 1485, 9, 578
1486, 1486, 87, 454
1487, 1487, 92, 496
1488, 1488, 47, 875
1489, 1489, 48, 350
1490, 1490, 42, 910
1491, 1491, 68, 272
1492, 1492, 92, 765
1493, 1493, 94, 755
1494, 1494, 47, 321
1495, 1495, 70, 245
1496, 1496, 38, 566
1497, 1497, 70, 793
1498, 1498, 66, 342
1499, 1499, 50, 982
1500, 1500, 29, 993
1501, 1501, 69, 943
1502, 1502, 4, 977
1503, 1503, 80, 893
1504, 1504, 35, 874
1505, 1505, 90, 1
1506, 1506, 93, 527
1507, 1507, 94, 366
1508, 1508, 2, 127
1509, 1509, 33, 10
1510, 1510, 82, 655
1511, 1511, 36, 781
1512, 1512, 46, 849
1513, 1513, 98, 875
1514, 1514, 25, 777
1515, 1515, 94, 252
1516, 1516, 21, 776
1517, 1517, 73, 858
1518, 1518, 70, 946
1519, 1519, 31, 178
1520, 1520, 97, 386
1521, 1521, 96, 963
1522, 1522, 50, 454
1523, 1523, 54, 668
1524, 1524, 75, 149
1525, 1525, 46, 466
1526, 1526, 35, 996
1527, 1527, 61, 455
1528, 1528, 99, 360
1529, 1529, 60, 766
1530, 1530, 88, 117
1531, 1531, 72, 875
1532, 1532, 12, 701
1533, 1533, 44, 504
1534, 1534, 43, 965
1535, 1535, 68, 969
1536, 1536, 70, 729
1537, 1537, 40, 809
1538, 1538, 47, 608
1539, 1539, 58, 950
1540, 1540, 35, 210
1541, 1541, 41, 287
1542, 1542, 49, 830
1543, 1543, 31, 789
1544, 1544, 81, 127
1545, 1545, 18, 415
1546, 1546, 77, 270
1547, 1547, 67, 720
1548, 1548, 27, 660
1549, 1549, 47, 412
1550, 1550, 24, 22
1551, 1551, 59, 808
1552, 1552, 77, 747
1553, 1553, 44, 278
1554, 1554, 37, 953
1555, 1555, 65, 256
1556, 1556, 75, 843
1557, 1557, 93, 956
1558, 1558, 26, 927
1559, 1559, 64, 333
1560, 1560, 46, 251
1561, 1561, 46, 450
1562, 1562, 14, 496
1563, 1563, 98, 416
1564, 1564, 96, 831
1565, 1565, 74, 163
1566, 1566, 49, 472
1567, 1567, 45, 377
1568, 1568, 31, 666
1569, 1569, 25, 487
1570, 1570, 61, 844
1571, 1571, 51, 846
1572, 1572, 22, 98
1573, 1573, 71, 101
1574, 1574, 41, 692
1575, 1575, 78, 170
1576, 1576, 97, 840
1577, 1577, 72, 290
1578, 1578, 85, 7
1579, 1579, 48, 373
1580, 1580, 95, 620
1581, 1581, 52, 144
1582, 1582, 62, 537
1583, 1583, 60, 282
1584, 1584, 31, 796
1585, 1585, 34, 512
1586, 1586, 49, 527
1587, 1587, 96, 924
1588, 1588, 49, 805
1589, 1589, 19, 703
1590, 1590, 29, 984
1591, 1591, 56, 415
1592, 1592, 3, 272
1593, 1593, 1, 620
1594, 1594, 31, 702
1595, 1595, 6, 309
1596, 1596, 67, 982
1597, 1597, 14, 72
1598, 1598, 47, 683
1599, 1599, 2, 550
1600, 1600, 93, 348
1601, 1601, 4, 556
1602, 1602, 6, 436
1603, 1603, 8, 182
1604, 1604, 23, 887
1605, 1605, 20, 678
1606, 1606, 19, 449
1607, 1607, 31, 242
1608, 1608, 74, 929
1609, 1609, 97, 228
1610, 1610, 52, 850
1611, 1611, 37, 394
1612, 1612, 84, 714
1613, 1613, 60, 150
1614, 1614, 28, 115
1615, 1615, 37, 800
1616, 1616, 6, 582
1617, 1617, 31, 567
1618, 1618, 80, 304
1619, 1619, 71, 944
1620, 1620, 12, 205
1621, 1621, 7, 13
1622, 1622, 72, 857
1623, 1623, 73, 350
1624, 1624, 46, 78
1625, 1625, 92, 796
1626, 1626, 48, 71
1627, 1627, 58, 554
1628, 1628, 66, 74
1629, 1629, 33, 767
1630, 1630, 1, 964
1631, 1631, 27, 494
1632, 1632, 37, 543
1633, 1633, 38, 903
1634, 1634, 22, 775
1635, 1635, 70, 198
1636, 1636, 9, 994
1637, 1637, 24, 648
1638, 1638, 86, 309
1639, 1639, 43, 446
1640, 1640, 78, 987
1641, 1641, 41, 419
1642, 1642, 66, 152
1643, 1643, 75, 503
1644, 1644, 3, 316
1645, 1645, 98, 590
1646, 1646, 73, 476
1647, 1647, 60, 139
1648, 1648, 10, 58
1649, 1649, 26, 605
1650, 1650, 22, 228
1651, 1651, 92, 156
1652, 1652, 69, 714
1653, 1653, 66, 21
1654, 1654, 54, 449
1655, 1655, 98, 528
1656, 1656, 38, 196
1657, 1657, 17, 59
1658, 1658, 24, 467
1659, 1659, 94, 711
1660, 1660, 80, 604
1661, 1661, 27, 200
1662, 1662, 86, 5
1663, 1663, 78, 986
1664, 1664, 82, 627
1665, 1665, 31, 455
1666, 1666, 75, 356
1667, 1667, 57, 534
1668, 1668, 69, 369
1669, 1669, 30, 813
1670, 1670, 76, 408
1671, 1671, 53, 503
1672, 1672, 6, 662
1673, 1673, 59, 384
1674, 1674, 21, 682
1675, 1675, 94, 973
1676, 1676, 11, 132
1677, 1677, 95, 712
1678, 1678, 86, 844
1679, 1679, 10, 169
1680, 1680, 89, 335
1681, 1681, 68, 745
1682, 1682, 4, 947
1683, 1683, 33, 360
1684, 1684, 32, 716
1685, 1685, 88, 798
1686, 1686, 36, 80
1687, 1687, 64, 111
1688, 1688, 55, 948
1689, 1689, 29, 311
1690, 1690, 92, 610
1691, 1691, 63, 556
1692, 1692, 27, 50
1693, 1693, 15, 811
1694, 1694, 43, 677
1695, 1695, 73, 491
1696, 1696, 93, 944
1697, 1697, 38, 286
1698, 1698, 91, 477
1699, 1699, 4, 22
1700, 1700, 67, 110
1701, 1701, 19, 52
1702, 1702, 18, 987
1703, 1703, 3, 819
1704, 1704, 81, 867
1705, 1705, 48, 99
1706, 1706, 51, 110
1707, 1707, 54, 850
1708, 1708, 53, 113
1709, 1709, 3, 197
1710, 1710, 55, 155
1711, 1711, 14, 12
1712, 1712, 53, 612
1713, 1713, 41, 867
1714, 1714, 94, 150
1715, 1715, 11, 268
1716, 1716, 20, 779
1717, 1717, 88, 610
1718, 1718, 13, 246
1719, 1719, 62, 369
1720, 1720, 47, 54
1721, 1721, 11, 569
1722, 1722, 20, 724
1723, 1723, 41, 282
1724, 1724, 68, 605
1725, 1725, 78, 793
1726, 1726, 67, 51
1727, 1727, 92, 824
1728, 1728, 90, 191
1729, 1729, 88, 571
1730, 1730, 34, 913
1731, 1731, 8, 911
1732, 1732, 10, 792
1733, 1733, 95, 741
1734, 1734, 47, 252
1735, 1735, 90, 124
1736, 1736, 5, 472
1737, 1737, 12, 277
1738, 1738, 96, 62
1739, 1739, 70, 152
1740, 1740, 36, 939
1741, 1741, 77, 299
1742, 1742, 59, 937
1743, 1743, 69, 323
1744, 1744, 26, 203
1745, 1745, 16, 675
1746, 1746, 68, 811
1747, 1747, 13, 777
1748, 1748, 6, 744
1749, 1749, 91, 8
1750, 1750, 87, 515
1751, 1751, 66, 592
1752, 1752, 84, 784
1753, 1753, 68, 50
1754, 1754, 7, 337
1755, 1755, 88, 327
1756, 1756, 74, 462
1757, 1757, 76, 577
1758, 1758, 43, 737
1759, 1759, 41, 137
1760, 1760, 28, 598
1761, 1761, 57, 462
1762, 1762, 18, 200
1763, 1763, 29, 775
1764, 1764, 90, 903
1765, 1765, 81, 952
1766, 1766, 48, 621
1767, 1767, 9, 937
1768, 1768, 63, 935
1769, 1769, 34, 133
1770, 1770, 57, 129
1771, 1771, 71, 557
1772, 1772, 94, 762
1773, 1773, 62, 76
1774, 1774, 11, 103
1775, 1775, 98, 30
1776, 1776, 9, 635
1777, 1777, 22, 25
1778, 1778, 97, 820
1779, 1779, 88, 742
1780, 1780, 34, 665
1781, 1781, 4, 265
1782, 1782, 59, 703
1783, 1783, 17, 11
1784, 1784, 46, 803
1785, 1785, 27, 337
1786, 1786, 18, 458
1787, 1787, 39, 645
1788, 1788, 14, 12
1789, 1789, 16, 570
1790, 1790, 59, 718
1791, 1791, 26, 870
1792, 1792, 92, 439
1793, 1793, 12, 224
1794, 1794, 5, 83
1795, 1795, 30, 808
1796, 1796, 81, 707
1797, 1797, 38, 286
1798, 1798, 37, 165
1799, 1799, 85, 842
1800, 1800, 34, 815
1801, 1801, 3, 27
1802, 1802, 34, 39
1803, 1803, 60, 835
1804, 1804, 32, 214
1805, 1805, 97, 407
1806, 1806, 75, 188
1807, 1807, 43, 685
1808, 1808, 42, 501
1809, 1809, 59, 926
1810, 1810, 85, 696
1811, 1811, 51, 18
1812, 1812, 55, 24
1813, 1813, 13, 531
1814, 1814, 68, 835
1815, 1815, 26, 474
1816, 1816, 98, 679
1817, 1817, 58, 534
1818, 1818, 1, 197
1819, 1819, 46, 819
1820, 1820, 36, 254
1821, 1821, 90, 934
1822, 1822, 54, 571
1823, 1823, 99, 207
1824, 1824, 38, 737
1825, 1825, 70, 575
1826, 1826, 39, 616
1827, 1827, 96, 425
1828, 1828, 89, 500
1829, 1829, 41, 597
1830, 1830, 85, 268
1831, 1831, 42, 375
1832, 1832, 99, 336
1833, 1833, 19, 758
1834, 1834, 51, 200
1835, 1835, 38, 305
1836, 1836, 25, 976
1837, 1837, 91, 636
1838, 1838, 82, 727
1839, 1839, 1, 432
1840, 1840, 88, 439
1841, 1841, 42, 928
1842, 1842, 78, 687
1843, 1843, 47, 823
1844, 1844, 6, 955
1845, 1845, 87, 208
1846, 1846, 28, 13
1847, 1847, 27, 845
1848, 1848, 48, 13
1849, 1849, 90, 665
1850, 1850, 3, 68
1851, 1851, 83, 97
1852, 1852, 87, 582
1853, 1853, 24, 732
1854, 1854, 77, 718
1855, 1855, 57, 500
1856, 1856, 17, 299
1857, 1857, 18, 61
1858, 1858, 33, 552
1859, 1859, 34, 858
1860, 1860, 87, 594
1861, 1861, 67, 767
1862, 1862, 77, 954
1863, 1863, 99, 528
1864, 1864, 78, 618
1865, 1865, 45, 849
1866, 1866, 27, 693
1867, 1867, 44, 791
1868, 1868, 35, 310
1869, 1869, 92, 67
1870, 1870, 72, 730
1871, 1871, 95, 591
1872, 1872, 92, 162
1873, 1873, 44, 305
1874, 1874, 78, 17
1875, 1875, 28, 948
1876, 1876, 27, 172
1877, 1877, 9, 222
1878, 1878, 27, 95
1879, 1879, 60, 853
1880, 1880, 48, 420
1881, 1881, 66, 58
1882, 1882, 13, 838
1883, 1883, 16, 687
1884, 1884, 80, 68
1885, 1885, 88, 884
1886, 1886, 48, 232
1887, 1887, 0, 901
1888, 1888, 46, 255
1889, 1889, 38, 808
1890, 1890, 67, 508
1891, 1891, 93, 51
1892, 1892, 94, 509
1893, 1893, 92, 82
1894, 1894, 96, 423
1895, 1895, 21, 702
1896, 1896, 14, 822
1897, 1897, 34, 785
1898, 1898, 26, 692
1899, 1899, 4, 261
1900, 1900, 27, 754
1901, 1901, 27, 244
1902, 1902, 43, 60
1903, 1903, 27, 634
1904, 1904, 70, 151
1905, 1905, 68, 319
1906, 1906, 29, 806
1907, 1907, 46, 890
1908, 1908, 69, 426
1909, 1909, 93, 575
1910, 1910, 47, 680
1911, 1911, 54, 368
1912, 1912, 77, 428
1913, 1913, 28, 753
1914, 1914, 98, 3
1915, 1915, 29, 261
1916, 1916, 67, 198
1917, 1917, 62, 495
1918, 1918, 38, 914
1919, 1919, 19, 611
1920, 1920, 53, 204
1921, 1921, 55, 834
1922, 1922, 0, 875
1923, 1923, 69, 76
1924, 1924, 75, 374
1925, 1925, 11, 888
1926, 1926, 23, 444
1927, 1927, 48, 791
1928, 1928, 44, 498
1929, 1929, 5, 591
1930, 1930, 50, 230
1931, 1931, 88, 899
1932, 1932, 72, 771
1933, 1933, 21, 216
1934, 1934, 53, 846
1935, 1935, 30, 2
1936, 1936, 45, 316
1937, 1937, 63, 228
1938, 1938, 12, 846
1939, 1939, 60, 591
1940, 1940, 20, 253
1941, 1941, 91, 90
1942, 1942, 30, 424
1943, 1943, 25, 79
1944, 1944, 75, 45
1945, 1945, 1, 231
1946, 1946, 68, 59
1947, 1947, 27, 131
1948, 1948, 95, 861
1949, 1949, 36, 627
1950, 1950, 16, 507
1951, 1951, 75, 684
1952, 1952, 77, 635
1953, 1953, 88, 218
1954, 1954, 93, 165
1955, 1955, 53, 150
1956, 1956, 97, 643
1957, 1957, 5, 608
1958, 1958, 86, 119
1959, 1959, 11, 317
1960, 1960, 47, 263
1961, 1961, 51, 603
1962, 1962, 60, 444
1963, 1963, 96, 330
1964, 1964, 27, 433
1965, 1965, 46, 173
1966, 1966, 2, 686
1967, 1967, 95, 14
1968, 1968, 26, 467
1969, 1969, 13, 23
1970, 1970, 47, 290
1971, 1971, 90, 396
1972, 1972, 58, 205
1973, 1973, 97, 135
1974, 1974, 24, 95
1975, 1975, 81, 243
1976, 1976, 92, 775
1977, 1977, 56, 826
1978, 1978, 0, 206
1979, 1979, 42, 282
1980, 1980, 57, 554
1981, 1981, 40, 458
1982, 1982, 49, 363
1983, 1983, 56, 162
1984, 1984, 78, 546
1985, 1985, 71, 880
1986, 1986, 54, 98
1987, 1987, 78, 223
1988, 1988, 6, 326
1989, 1989, 94, 106
1990, 1990, 44, 810
1991, 1991, 35, 279
1992, 1992, 97, 326
1993, 1993, 88, 454
1994, 1994, 3, 269
1995, 1995, 93, 104
1996, 1996, 76, 140
1997, 1997, 61, 117
1998, 1998, 20, 237
1999, 1999, 3, 693
2000, 1053, 47, 985
2001, 1256, 10, 952
2002, 713, 18, 345
2003, 1235, 8, 606
2004, 386, 13, 409
2005, 827, 98, 362
2006, 1006, 44, 865
2007, 1444, 41, 960
2008, 1308, 27, 618
2009, 1634, 70, 834
2010, 845, 92, 726
2011, 1747, 88, 100
2012, 1626, 66, 216
2013, 1529, 59, 526
2014, 1973, 78, 902
2015, 964, 83, 812
2016, 1679, 22, 727
2017, 79, 57, 105
2018, 551, 7, 422
2019, 1716, 51, 206
2020, 301, 40, 613
2021, 1969, 49, 572
2022, 296, 64, 220
2023, 1530, 89, 719
2024, 1793, 37, 871
2025, 767, 40, 986
2026, 350, 95, 257
2027, 1982, 62, 203
2028, 1785, 2, 270
2029, 591, 9, 434
2030, 299, 41, 207
2031, 704, 87, 538
2032, 327, 48, 956
2033, 1895, 62, 101
2034, 114, 46, 971
2035, 1547, 31, 405
2036, 1976, 73, 888
2037, 574, 72, 335
2038, 1613, 22, 367
2039, 336, 69, 718
2040, 510, 73, 979
2041, 1898, 77, 777
2042, 1231, 65, 959
2043, 1702, 38, 109
2044, 77, 31, 70
2045, 1005, 52, 317
2046, 68, 54, 309
2047, 1863, 3, 575
2048, 1518, 12, 42
2049, 1057, 76, 106
2050, 138, 86, 204
2051, 1198, 23, 186
2052, 1127, 9, 834
2053, 332, 85, 479
2054, 1395, 27, 590
2055, 867, 25, 316
2056, 1180, 57, 679
2057, 357, 77, 773
2058, 418, 69, 642
2059, 401, 69, 619
2060, 1388, 70, 200
2061, 332, 43, 76
2062, 758, 28, 141
2063, 838, 74, 173
2064, 210, 98, 150
2065, 1440, 23, 55
2066, 1615, 75, 835
2067, 849, 76, 944
2068, 702, 54, 585
2069, 515, 9, 394
2070, 147, 81, 643
2071, 1634, 35, 693
2072, 344, 79, 953
2073, 1649, 91, 497
2074, 1749, 94, 661
2075, 19, 77, 5
2076, 1305, 45, 196
2077, 790, 63, 868
2078, 394, 76, 258
2079, 1932, 32, 207
2080, 845, 92, 152
2081, 630, 33, 743
2082, 32, 67, 182
2083, 315, 72, 272
2084, 225, 94, 949
2085, 686, 31, 814
2086, 1141, 2, 908
2087, 154, 21, 689
2088, 893, 79, 834
2089, 1584, 59, 709
2090, 1351, 27, 502
2091, 1682, 12, 711
2092, 790, 17, 889
2093, 1124, 46, 517
2094, 1623, 90, 767
2095, 1669, 16, 180
2096, 1707, 84, 825
2097, 418, 68, 497
2098, 1692, 8, 623
2099, 129, 4, 508
2100, 1074, 70, 471
2101, 261, 51, 216
2102, 782, 99, 394
2103, 24, 44, 491
2104, 1735, 68, 425
2105, 850, 0, 581
2106, 1514, 74, 590
2107, 340, 34, 314
2108, 1720, 0, 559
2109, 1951, 64, 210
2110, 1283, 93, 127
2111, 159, 91, 16
2112, 1384, 83, 743
2113, 1160, 85, 307
2114, 1604, 27, 825
2115, 936, 18, 613
2116, 262, 63, 173
2117, 611, 43, 678
2118, 696, 5, 218
2119, 1945, 61, 387
2120, 145, 22, 12
2121, 1051, 38, 863
2122, 186, 48, 609
2123, 1310, 14, 254
2124, 162, 91, 613
2125, 1154, 25, 394
2126, 1991, 15, 399
2127, 759, 14, 651
2128, 1678, 62, 394
2129, 1368, 80, 105
2130, 982, 6, 57
2131, 310, 99, 205
2132, 479, 20, 262
2133, 1952, 95, 269
2134, 1449, 70, 559
2135, 956, 55, 699
2136, 1846, 48, 956
2137, 459, 65, 625
2138, 138, 46, 676
2139, 709, 89, 318
2140, 1752, 44, 962
2141, 1717, 88, 489
2142, 1979, 68, 330
2143, 812, 19, 406
2144, 1514, 64, 97
2145, 1844, 74, 274
2146, 498, 57, 969
2147, 1104, 85, 429
2148, 418, 73, 76
2149, 87, 40, 826
2150, 1225, 24, 852
2151, 1966, 42, 876
2152, 147, 47, 913
2153, 1043, 3, 360
2154, 119, 73, 281
2155, 1360, 53, 67
2156, 1981, 68, 639
2157, 866, 21, 638
2158, 389, 50, 499
2159, 1818, 27, 244
2160, 199, 61, 317
2161, 1421, 98, 882
2162, 1976, 23, 77
2163, 301, 93, 863
2164, 161, 0, 731
2165, 209, 36, 4
2166, 1071, 75, 118
2167, 1548, 21, 545
2168, 1107, 0, 33
2169, 1686, 24, 977
2170, 17, 84, 620
2171, 435, 2, 982
2172, 1700, 17, 106
2173, 755, 75, 110
2174, 670, 51, 454
2175, 1183, 68, 486
2176, 896, 96, 748
2177, 485, 42, 496
2178, 951, 42, 186
2179, 992, 13, 892
2180, 1345, 62, 462
2181, 807, 31, 95
2182, 84, 74, 383
2183, 1091, 7, 234
2184, 1424, 6, 693
2185, 468, 56, 242
2186, 1577, 64, 312
2187, 980, 99, 105
2188, 1889, 44, 763
2189, 656, 14, 262
2190, 28, 53, 638
2191, 777, 64, 365
2192, 865, 25, 102
2193, 366, 83, 592
2194, 1215, 9, 761
2195, 865, 21, 686
2196, 469, 61, 218
2197, 1635, 84, 697
2198, 1037, 86, 203
2199, 258, 8, 617
2200, 1480, 60, 635
2201, 304, 59, 721
2202, 1789, 74, 545
2203, 90, 21, 701
2204, 280, 67, 850
2205, 725, 33, 124
2206, 360, 39, 911
2207, 372, 59, 51
2208, 53, 70, 594
2209, 1865, 76, 536
2210, 1343, 84, 503
2211, 1300, 22, 165
2212, 656, 27, 991
2213, 1182, 4, 544
2214, 1060, 48, 142
2215, 1910, 76, 744
2216, 644, 62, 355
2217, 1818, 43, 299
2218, 1772, 40, 714
2219, 872, 54, 77
2220, 652, 84, 550
2221, 649, 35, 653
2222, 1368, 46, 724
2223, 1519, 32, 25
2224, 1033, 57, 809
2225, 1559, 48, 759
2226, 390, 16, 455
2227, 975, 61, 621
2228, 1829, 17, 558
2229, 1698, 12, 801
2230, 1568, 79, 698
2231, 812, 71, 360
2232, 1809, 91, 342
2233, 1908, 61, 949
2234, 1703, 79, 528
2235, 1061, 74, 25
2236, 752, 3, 31
2237, 1095, 9, 503
2238, 1124, 8, 617
2239, 439, 95, 825
2240, 1334, 39, 40
2241, 1786, 28, 240
2242, 692, 25, 796
2243, 1335, 19, 766
2244, 1353, 5, 84
2245, 760, 58, 978
2246, 231, 30, 852
2247, 1201, 82, 475
2248, 666, 51, 281
2249, 768, 15, 853
2250, 685, 85, 413
2251, 1334, 40, 507
2252, 56, 34, 507
2253, 1288, 21, 192
2254, 132, 21, 273
2255, 250, 63, 772
2256, 282, 46, 289
2257, 1011, 2, 835
2258, 1481, 98, 603
2259, 1986, 92, 729
2260, 1183, 59, 675
2261, 346, 16, 112
2262, 434, 13, 152
2263, 548, 95, 873
2264, 1227, 46, 309
2265, 112, 6, 385
2266, 1229, 36, 541
2267, 1184, 12, 556
2268, 328, 91, 75
2269, 598, 96, 300
2270, 320, 34, 936
2271, 5, 21, 613
2272, 1791, 91, 307
2273, 1941, 6, 147
2274, 1796, 96, 887
2275, 1542, 82, 417
2276, 1034, 74, 393
2277, 1986, 82, 777
2278, 920, 92, 311
2279, 1698, 37, 669
2280, 1743, 50, 138
2281, 1316, 92, 942
2282, 823, 88, 851
2283, 1258, 26, 86
2284, 1075, 95, 743
2285, 1417, 44, 914
2286, 1438, 48, 162
2287, 1269, 14, 547
2288, 241, 7, 412
2289, 864, 88, 400
2290, 325, 97, 435
2291, 295, 9, 374
2292, 734, 87, 901
2293, 168, 7, 225
2294, 576, 25, 527
2295, 1256, 42, 248
2296, 1170, 20, 238
2297, 46, 30, 889
2298, 570, 11, 27
2299, 40, 17, 347
2300, 1037, 8, 61
2301, 1949, 1, 223
2302, 230, 17, 785
2303, 1400, 64, 761
2304, 1067, 45, 221
2305, 230, 94, 269
2306, 1547, 38, 418
2307, 1116, 25, 242
2308, 1326, 79, 384
2309, 1607, 71, 807
2310, 274, 22, 643
2311, 4, 35, 692
2312, 879, 86, 41
2313, 1200, 22, 568
2314, 934, 16, 856
2315, 337, 72, 772
2316, 216, 55, 373
2317, 1433, 87, 16
2318, 1264, 53, 201
2319, 459, 17, 121
2320, 1338, 53, 260
2321, 456, 21, 234
2322, 693, 52, 689
2323, 409, 53, 416
2324, 1677, 73, 297
2325, 1991, 46, 681
2326, 1014, 99, 861
2327, 1954, 40, 914
2328, 626, 90, 803
2329, 315, 17, 369
2330, 299, 54, 247
2331, 1033, 51, 898
2332, 345, 39, 846
2333, 728, 69, 691
2334, 1204, 56, 111
2335, 1789, 96, 4
2336, 1448, 41, 75
2337, 360, 45, 938
2338, 132, 37, 978
2339, 1253, 77, 919
2340, 1393, 73, 663
2341, 243, 2, 299
2342, 707, 23, 714
2343, 1906, 19, 844
2344, 1414, 73, 267
2345, 1105, 70, 177
2346, 1031, 73, 122
2347, 1734, 38, 167
2348, 1427, 83, 705
2349, 723, 71, 998
2350, 1336, 86, 548
2351, 1354, 78, 594
2352, 80, 19, 79
2353, 1528, 87, 957
2354, 454, 39, 617
2355, 373, 85, 410
2356, 1435, 57, 587
2357, 1267, 8, 227
2358, 1712, 79, 165
2359, 1456, 84, 402
2360, 1878, 91, 841
2361, 979, 91, 221
2362, 907, 5, 733
2363, 670, 52, 756
2364, 1002, 74, 373
2365, 1059, 52, 421
2366, 1284, 36, 997
2367, 80, 50, 735
2368, 1855, 44, 905
2369, 792, 85, 198
2370, 1051, 31, 114
2371, 1950, 79, 810
2372, 1199, 6, 642
2373, 1490, 51, 495
2374, 1429, 4, 961
2375, 794, 78, 799
2376, 751, 4, 229
2377, 498, 58, 780
2378, 1846, 7, 827
2379, 102, 32, 948
2380, 1601, 37, 120
2381, 899, 12, 831
2382, 1456, 97, 694
2383, 1261, 63, 939
2384, 336, 26, 303
2385, 1148, 54, 597
2386, 579, 3, 616
2387, 679, 27, 273
2388, 673, 67, 629
2389, 137, 31, 532
2390, 1034, 84, 179
2391, 653, 58, 532
2392, 1019, 88, 124
2393, 801, 61, 66
2394, 1751, 30, 976
2395, 36, 6, 727
2396, 1339, 10, 443
2397, 507, 82, 432
2398, 1571, 41, 921
2399, 1694, 37, 80
2400, 127, 62, 298
2401, 131, 24, 733
2402, 1437, 36, 831
2403, 1027, 93, 360
2404, 724, 72, 892
2405, 241, 50, 215
2406, 965, 85, 725
2407, 519, 26, 147
2408, 1254, 57, 929
2409, 657, 60, 596
2410, 1693, 43, 695
2411, 1116, 70, 278
2412, 1276, 35, 837
2413, 1669, 9, 47
2414, 901, 30, 939
2415, 560, 92, 895
2416, 1014, 98, 817
2417, 303, 4, 78
2418, 1432, 3, 370
2419, 1049, 72, 9
2420, 1964, 23, 734
2421, 740, 44, 423
2422, 559, 40, 371
2423, 565, 75, 965
2424, 700, 85, 409
2425, 883, 22, 586
2426, 521, 7, 285
2427, 1814, 94, 973
2428, 328, 84, 542
2429, 1307, 54, 585
2430, 301, 94, 686
2431, 1345, 30, 745
2432, 1474, 6, 572
2433, 1394, 57, 931
2434, 1893, 34, 685
2435, 703, 76, 637
2436, 1773, 33, 313
2437, 539, 46, 553
2438, 1759, 34, 401
2439, 1252, 91, 843
2440, 1417, 92, 516
2441, 1624, 67, 71
2442, 730, 16, 676
2443, 1765, 7, 323
2444, 946, 75, 565
2445, 22, 43, 35
2446, 451, 7, 391
2447, 767, 8, 618
2448, 1389, 61, 762
2449, 798, 58, 748
2450, 1186, 63, 499
2451, 1306, 68, 86
2452, 1753, 81, 743
2453, 320, 42, 1
2454, 1677, 81, 249
2455, 595, 62, 927
2456, 1559, 65, 130
2457, 851, 58, 90
2458, 688, 43, 111
2459, 801, 4, 435
2460, 1805, 30, 801
2461, 335, 53, 595
2462, 430, 45, 681
2463, 167, 4, 721
2464, 1924, 81, 418
2465, 388, 56, 21
2466, 1344, 95, 655
2467, 1455, 48, 501
2468, 1716, 79, 926
2469, 1244, 64, 822
2470, 1168, 86, 697
2471, 1199, 99, 411
2472, 1362, 96, 18
2473, 4, 7, 384
2474, 1081, 18, 868
2475, 45, 53, 989
2476, 798, 78, 851
2477, 1121, 50, 791
2478, 998, 66, 151
2479, 358, 7, 624
2480, 1666, 70, 156
2481, 997, 89, 195
2482, 573, 84, 958
2483, 452, 59, 932
2484, 1250, 77, 150
2485, 1001, 79, 501
2486, 351, 68, 50
2487, 549, 79, 904
2488, 693, 36, 387
2489, 1086, 69, 934
2490, 1110, 63, 844
2491, 912, 88, 844
2492, 1910, 58, 225
2493, 356, 34, 523
2494, 1698, 84, 588
2495, 602, 67, 705
2496, 1603, 10, 383
2497, 1412, 33, 973
2498, 1049, 98, 786
2499, 1070, 13, 556
2500, 1959, 9, 830
2501, 753, 95, 4
2502, 674, 42, 465
2503, 3, 25, 952
2504, 381, 46, 398
2505, 929, 20, 579
2506, 469, 78, 835
2507, 1167, 46, 65
2508, 875, 45, 907
2509, 386, 41, 454
2510, 1738, 36, 613
2511, 177, 13, 486
2512, 705, 75, 724
2513, 1632, 68, 679
2514, 483, 40, 536
2515, 548, 93, 430
2516, 1125, 87, 911
2517, 412, 48, 272
2518, 1904, 16, 905
2519, 614, 39, 500
2520, 581, 51, 618
2521, 207, 75, 131
2522, 103, 38, 238
2523, 848, 98, 590
2524, 1584, 6, 361
2525, 1893, 66, 741
2526, 1605, 92, 181
2527, 695, 28, 215
2528, 745, 34, 360
2529, 957, 85, 904
2530, 1036, 44, 378
2531, 281, 94, 853
2532, 1745, 18, 974
2533, 244, 60, 383
2534, 1953, 42, 877
2535, 1308, 62, 117
2536, 232, 1, 54
2537, 842, 98, 484
2538, 1498, 15, 830
2539, 824, 60, 107
2540, 680, 6, 138
2541, 1525, 9, 245
2542, 234, 61, 535
2543, 1436, 80, 526
2544, 1573, 0, 997
2545, 347, 99, 556
2546, 1186, 69, 212
2547, 1285, 1, 889
2548, 1101, 43, 820
2549, 1444, 64, 614
2550, 93, 47, 921
2551, 1346, 97, 965
2552, 337, 25, 682
2553, 1540, 0, 891
2554, 15, 55, 89
2555, 140, 70, 291
2556, 278, 68, 878
2557, 142, 5, 316
2558, 994, 25, 623
2559, 1931, 91, 110
2560, 1331, 16, 962
2561, 748, 98, 650
2562, 534, 7, 299
2563, 1243, 5, 493
2564, 1278, 8, 17
2565, 564, 35, 730
2566, 219, 62, 881
2567, 1958, 88, 22
2568, 1277, 30, 853
2569, 1421, 98, 542
2570, 1253, 49, 329
2571, 499, 77, 199
2572, 606, 7, 787
2573, 1751, 25, 663
2574, 420, 85, 880
2575, 467, 65, 919
2576, 1915, 6, 157
2577, 65, 42, 447
2578, 278, 35, 504
2579, 1331, 97, 657
2580, 1479, 38, 188
2581, 157, 44, 154
2582, 675, 43, 152
2583, 1381, 98, 497
2584, 598, 39, 287
2585, 599, 97, 227
2586, 971, 61, 418
2587, 1745, 12, 224
2588, 372, 94, 883
2589, 1563, 50, 452
2590, 1015, 78, 445
2591, 1392, 82, 514
2592, 732, 45, 903
2593, 877, 42, 191
2594, 1042, 1, 72
2595, 113, 53, 624
2596, 1242, 70, 835
2597, 1866, 8, 282
2598, 299, 50, 298
2599, 701, 79, 888
2600, 744, 36, 134
2601, 1124, 22, 551
2602, 193, 36, 536
2603, 1116, 98, 224
2604, 810, 31, 995
2605, 3, 39, 961
2606, 1411, 63, 948
2607, 1954, 66, 834
2608, 1903, 45, 855
2609, 1392, 21, 154
2610, 138, 12, 838
2611, 155, 76, 450
2612, 1565, 54, 176
2613, 1300, 64, 960
2614, 1724, 41, 882
2615, 1979, 93, 659
2616, 1567, 81, 644
2617, 149, 41, 376
2618, 1126, 85, 485
2619, 1946, 79, 401
2620, 1510, 14, 556
2621, 1753, 22, 418
2622, 1502, 61, 389
2623, 308, 63, 920
2624, 1809, 12, 980
2625, 1819, 24, 900
2626, 477, 54, 565
2627, 1783, 57, 929
2628, 338, 19, 65
2629, 196, 50, 314
2630, 701, 29, 307
2631, 1997, 25, 726
2632, 1014, 8, 919
2633, 1052, 68, 898
2634, 75, 97, 270
2635, 1456, 51, 11
2636, 1449, 53, 381
2637, 246, 85, 822
2638, 1426, 32, 695
2639, 213, 34, 181
2640, 1836, 80, 422
2641, 1537, 73, 386
2642, 698, 78, 802
2643, 1913, 57, 847
2644, 380, 32, 446
2645, 899, 56, 893
2646, 565, 61, 281
2647, 576, 15, 168
2648, 1385, 82, 942
2649, 1578, 60, 36
2650, 669, 69, 502
2651, 1636, 81, 497
2652, 1752, 34, 822
2653, 643, 73, 826
2654, 405, 52, 267
2655, 1970, 22, 683
2656, 317, 78, 941
2657, 196, 36, 635
2658, 178, 12, 104
2659, 1752, 23, 278
2660, 1456, 21, 510
2661, 237, 13, 919
2662, 764, 44, 816
2663, 1570, 13, 716
2664, 243, 93, 482
2665, 1392, 95, 355
2666, 1646, 83, 992
2667, 1371, 92, 580
2668, 1174, 39, 517
2669, 938, 23, 259
2670, 62, 80, 109
2671, 1064, 62, 211
2672, 847, 24, 528
2673, 1523, 20, 875
2674, 547, 56, 961
2675, 40, 9, 390
2676, 33, 60, 762
2677, 8, 79, 117
2678, 1818, 30, 850
2679, 1888, 27, 395
2680, 496, 35, 866
2681, 1361, 94, 29
2682, 459, 0, 808
2683, 1147, 8, 142
2684, 70, 12, 572
2685, 37, 70, 87
2686, 1558, 56, 281
2687, 1797, 42, 999
2688, 1582, 62, 766
2689, 690, 46, 313
2690, 285, 69, 586
2691, 640, 57, 801
2692, 1986, 3, 423
2693, 289, 95, 156
2694, 149, 15, 813
2695, 1896, 24, 430
2696, 203, 40, 69
2697, 1566, 99, 838
2698, 1942, 22, 673
2699, 120, 77, 671
2700, 1340, 24, 688
2701, 765, 82, 475
2702, 1908, 55, 298
2703, 1399, 69, 712
2704, 84, 44, 991
2705, 1313, 4, 538
2706, 288, 67, 823
2707, 1333, 33, 785
2708, 1607, 51, 838
2709, 815, 45, 779
2710, 1927, 98, 578
2711, 1431, 9, 344
2712, 1504, 59, 578
2713, 1272, 83, 173
2714, 1357, 87, 872
2715, 90, 26, 754
2716, 124, 47, 210
2717, 1532, 54, 181
2718, 446, 36, 837
2719, 1851, 75, 384
2720, 366, 37, 731
2721, 1618, 10, 83
2722, 811, 36, 682
2723, 76, 4, 247
2724, 643, 69, 535
2725, 1772, 78, 334
2726, 1653, 94, 470
2727, 1067, 24, 521
2728, 1401, 93, 930
2729, 384, 32, 199
2730, 1248, 71, 415
2731, 1396, 98, 375
2732, 1546, 23, 298
2733, 1242, 66, 891
2734, 734, 25, 579
2735, 286, 36, 257
2736, 1462, 52, 865
2737, 982, 80, 497
2738, 1517, 38, 911
2739, 1195, 63, 477
2740, 1722, 35, 977
2741, 962, 96, 683
2742, 807, 87, 68
2743, 817, 50, 995
2744, 1860, 3, 291
2745, 1785, 47, 474
2746, 1118, 96, 993
2747, 1821, 73, 282
2748, 1495, 50, 709
2749, 659, 89, 417
2750, 1497, 74, 41
2751, 415, 10, 523
2752, 1417, 23, 528
2753, 991, 5, 803
2754, 599, 73, 786
2755, 504, 76, 836
2756, 1487, 3, 595
2757, 1899, 87, 496
2758, 118, 77, 415
2759, 1127, 21, 88
2760, 1882, 27, 78
2761, 259, 7, 394
2762, 1303, 77, 947
2763, 282, 95, 346
2764, 1929, 42, 805
2765, 46, 91, 22
2766, 921, 29, 923
2767, 361, 81, 849
2768, 546, 54, 24
2769, 895, 68, 686
2770, 1015, 13, 879
2771, 1783, 84, 973
2772, 1958, 53, 60
2773, 1295, 46, 186
2774, 1272, 2, 908
2775, 426, 57, 416
2776, 1560, 22, 465
2777, 641, 27, 526
2778, 1754, 85, 168
2779, 1265, 70, 657
2780, 674, 87, 265
2781, 1766, 74, 559
2782, 996, 36, 347
2783, 620, 10, 563
2784, 1453, 47, 280
2785, 119, 77, 598
2786, 926, 49, 831
2787, 143, 33, 19
2788, 466, 0, 541
2789, 1225, 65, 687
2790, 1029, 55, 109
2791, 24, 50, 551
2792, 714, 94, 717
2793, 243, 98, 795
2794, 824, 60, 828
2795, 791, 51, 810
2796, 566, 60, 199
2797, 1236, 12, 153
2798, 49, 0, 702
2799, 741, 35, 220
2800, 180, 59, 617
2801, 136, 76, 771
2802, 1481, 32, 536
2803, 388, 28, 943
2804, 1303, 62, 565
2805, 402, 36, 788
2806, 869, 42, 950
2807, 78, 18, 596
2808, 1914, 21, 184
2809, 843, 73, 807
2810, 1518, 22, 377
2811, 1586, 41, 333
2812, 217, 45, 57
2813, 881, 38, 186
2814, 1896, 91, 702
2815, 1440, 11, 948
2816, 868, 13, 561
2817, 1588, 0, 417
2818, 283, 43, 325
2819, 1517, 87, 929
2820, 792, 22, 612
2821, 1186, 89, 647
2822, 382, 1, 738
2823, 202, 31, 218
2824, 1172, 75, 867
2825, 300, 43, 766
2826, 382, 0, 236
2827, 39, 92, 404
2828, 1518, 5, 924
2829, 888, 90, 583
2830, 242, 86, 960
2831, 1180, 7, 582
2832, 1175, 38, 672
2833, 893, 25, 957
2834, 784, 4, 929
2835, 1999, 7, 789
2836, 170, 76, 824
2837, 469, 37, 892
2838, 553, 57, 310
2839, 489, 46, 42
2840, 1908, 19, 404
2841, 1109, 59, 255
2842, 53, 77, 32
2843, 587, 86, 888
2844, 1064, 68, 145
2845, 145, 17, 127
2846, 1428, 99, 910
2847, 662, 58, 347
2848, 1242, 74, 357
2849, 419, 49, 142
2850, 1210, 11, 407
2851, 303, 78, 730
2852, 1550, 12, 769
2853, 1939, 75, 299
2854, 1053, 19, 868
2855, 1993, 12, 878
2856, 245, 70, 780
2857, 57, 17, 271
2858, 485, 94, 800
2859, 52, 24, 627
2860, 1019, 12, 527
2861, 1862, 8, 725
2862, 456, 27, 461
2863, 1867, 92, 324
2864, 1528, 76, 321
2865, 1097, 45, 297
2866, 1639, 39, 916
2867, 1636, 96, 388
2868, 617, 97, 888
2869, 1222, 78, 911
2870, 1074, 37, 616
2871, 1207, 61, 751
2872, 1410, 1, 657
2873, 217, 20, 740
2874, 1468, 52, 368
2875, 1129, 37, 887
2876, 1019, 24, 397
2877, 97, 2, 65
2878, 483, 51, 80
2879, 1402, 71, 243
2880, 1868, 66, 818
2881, 912, 12, 235
2882, 200, 22, 802
2883, 1633, 90, 658
2884, 783, 22, 250
2885, 647, 34, 895
2886, 94, 28, 366
2887, 465, 31, 326
2888, 72, 42, 547
2889, 1959, 76, 26
2890, 1722, 73, 563
2891, 109, 88, 653
2892, 331, 31, 948
2893, 1403, 11, 943
2894, 1038, 26, 561
2895, 335, 31, 753
2896, 1747, 8, 128
2897, 1609, 26, 393
2898, 619, 40, 798
2899, 158, 65, 24
2900, 1906, 55, 465
2901, 0, 7, 0
2902, 538, 47, 697
2903, 36, 17, 997
2904, 1026, 18, 290
2905, 1700, 32, 633
2906, 1278, 62, 886
2907, 1975, 90, 286
2908, 639, 41, 978
2909, 1773, 62, 389
2910, 1313, 29, 222
2911, 135, 48, 200
2912, 1126, 40, 522
2913, 535, 30, 810
2914, 1056, 98, 306
2915, 1774, 90, 669
2916, 406, 72, 619
2917, 74, 31, 600
2918, 1117, 42, 268
2919, 1550, 97, 566
2920, 1002, 83, 558
2921, 1138, 28, 164
2922, 1512, 69, 922
2923, 700, 37, 868
2924, 377, 41, 216
2925, 209, 99, 16
2926, 1826, 12, 137
2927, 722, 10, 9
2928, 115, 72, 32
2929, 473, 83, 971
2930, 1127, 0, 154
2931, 1257, 29, 540
2932, 368, 0, 640
2933, 159, 91, 268
2934, 46, 59, 980
2935, 1053, 65, 442
2936, 670, 83, 981
2937, 434, 15, 913
2938, 215, 15, 325
2939, 194, 33, 440
2940, 1982, 62, 628
2941, 1489, 65, 990
2942, 1497, 3, 478
2943, 267, 48, 974
2944, 1124, 73, 586
2945, 1155, 85, 305
2946, 383, 62, 578
2947, 1507, 0, 478
2948, 1121, 14, 623
2949, 1625, 30, 266
2950, 1717, 35, 330
2951, 1501, 16, 411
2952, 1639, 54, 679
2953, 1222, 97, 735
2954, 1404, 75, 113
2955, 845, 33, 13
2956, 689, 86, 854
2957, 1415, 56, 405
2958, 1102, 57, 816
2959, 1681, 12, 393
2960, 1013, 88, 399
2961, 549, 84, 666
2962, 1111, 9, 725
2963, 626, 59, 805
2964, 1791, 58, 832
2965, 784, 3, 486
2966, 1098, 96, 628
2967, 348, 42, 354
2968, 450, 23, 541
2969, 383, 74, 626
2970, 964, 0, 154
2971, 1397, 5, 427
2972, 182, 89, 150
2973, 1770, 38, 473
2974, 569, 22, 658
2975, 1329, 4, 762
2976, 241, 60, 606
2977, 1313, 43, 987
2978, 64, 91, 655
2979, 1931, 38, 747
2980, 220, 72, 522
2981, 686, 42, 112
2982, 116, 88, 869
2983, 808, 71, 992
2984, 395, 47, 404
2985, 734, 36, 192
2986, 1201, 33, 668
2987, 1981, 33, 348
2988, 1552, 22, 346
2989, 902, 69, 657
2990, 1968, 33, 449
2991, 873, 42, 436
2992, 1524, 93, 679
2993, 1273, 41, 89
2994, 392, 54, 859
2995, 1845, 89, 223
2996, 715, 19, 133
2997, 366, 75, 107
2998, 1530, 20, 687
2999, 1662, 74, 311
3000, 28, 71, 181
3001, 726, 51, 863
3002, 352, 60, 945
3003, 589, 88, 609
3004, 818, 81, 156
3005, 387, 54, 201
3006, 427, 29, 656
3007, 901, 70, 775
3008, 938, 45, 770
3009, 429, 54, 67
3010, 1631, 70, 468
3011, 1731, 54, 414
3012, 321, 87, 385
3013, 663, 8, 894
3014, 1060, 17, 992
3015, 1804, 3, 913
3016, 961, 81, 607
3017, 376, 27, 651
3018, 115, 61, 662
3019, 24, 17, 988
3020, 688, 57, 833
3021, 124, 82, 392
3022, 1346, 32, 522
3023, 692, 35, 982
3024, 1693, 14, 238
3025, 960, 6, 174
3026, 725, 95, 647
3027, 1149, 85, 726
3028, 1872, 21, 716
3029, 1685, 14, 895
3030, 1114, 1, 481
3031, 912, 89, 863
3032, 278, 99, 130
3033, 1844, 92, 508
3034, 1288, 31, 685
3035, 1685, 92, 55
3036, 702, 90, 498
3037, 1897, 49, 163
3038, 428, 70, 523
3039, 627, 6, 417
3040, 170, 26, 106
3041, 1107, 36, 463
3042, 569, 80, 439
3043, 1702, 30, 179
3044, 189, 97, 319
3045, 480, 56, 570
3046, 1299, 65, 598
3047, 838, 87, 835
3048, 246, 73, 381
3049, 190, 36, 837
3050, 1215, 79, 43
3051, 233, 29, 587
3052, 911, 39, 47
3053, 388, 5, 135
3054, 1809, 97, 335
3055, 1872, 60, 899
3056, 828, 4, 974
3057, 663, 40, 380
3058, 1131, 84, 166
3059, 86, 96, 646
3060, 555, 38, 601
3061, 417, 65, 213
3062, 1334, 24, 740
3063, 1788, 93, 309
3064, 732, 70, 760
3065, 1797, 8, 212
3066, 1687, 78, 315
3067, 106, 58, 369
3068, 934, 68, 606
3069, 1046, 94, 731
3070, 1897, 71, 768
3071, 135, 26, 197
3072, 15, 0, 970
3073, 1134, 20, 818
3074, 1209, 25, 481
3075, 849, 19, 784
3076, 1773, 19, 744
3077, 1603, 61, 909
3078, 683, 50, 645
3079, 1312, 15, 992
3080, 1861, 86, 131
3081, 1852, 94, 992
3082, 1136, 1, 105
3083, 1789, 48, 459
3084, 903, 0, 534
3085, 1738, 40, 834
3086, 858, 57, 10
3087, 87, 64, 672
3088, 1453, 87, 333
3089, 1978, 85, 238
3090, 661, 42, 684
3091, 125, 66, 234
3092, 1591, 17, 622
3093, 591, 99, 409
3094, 1994, 52, 805
3095, 1199, 21, 606
3096, 1916, 20, 956
3097, 1253, 91, 613
3098, 1386, 67, 327
3099, 1447, 31, 314
3100, 1014, 35, 81
3101, 1272, 98, 12
3102, 252, 69, 913
3103, 925, 12, 366
3104, 1842, 42, 950
3105, 1004, 34, 823
3106, 268, 79, 921
3107, 1040, 13, 431
3108, 492, 61, 713
3109, 1006, 0, 909
3110, 121, 50, 176
3111, 711, 32, 630
3112, 315, 1, 331
3113, 1424, 33, 289
3114, 851, 89, 922
3115, 1871, 68, 1
3116, 1318, 76, 477
3117, 1563, 20, 820
3118, 1735, 44, 856
3119, 327, 35, 104
3120, 603, 2, 941
3121, 1813, 3, 762
3122, 431, 48, 100
3123, 1966, 43, 896
3124, 63, 89, 705
3125, 122, 50, 432
3126, 1425, 15, 961
3127, 1654, 70, 636
3128, 1920, 78, 992
3129, 207, 5, 2
3130, 1323, 64, 884
3131, 1001, 65, 447
3132, 59, 96, 689
3133, 1530, 60, 674
3134, 1282, 20, 444
3135, 993, 72, 408
3136, 1522, 50, 9
3137, 999, 3, 140
3138, 1213, 88, 633
3139, 526, 28, 309
3140, 1286, 35, 86
3141, 1292, 4, 38
3142, 1753, 10, 339
3143, 1896, 62, 945
3144, 1700, 65, 666
3145, 1700, 22, 909
3146, 1939, 75, 587
3147, 155, 28, 384
3148, 1655, 31, 29
3149, 17, 24, 754
3150, 277, 66, 622
3151, 954, 18, 367
3152, 1715, 34, 227
3153, 1699, 17, 427
3154, 390, 79, 947
3155, 1508, 99, 882
3156, 1361, 64, 262
3157, 1086, 52, 373
3158, 1401, 99, 323
3159, 1723, 94, 549
3160, 1524, 80, 232
3161, 1505, 50, 423
3162, 1897, 1, 528
3163, 1819, 77, 709
3164, 1647, 53, 249
3165, 585, 90, 898
3166, 423, 31, 139
3167, 1775, 5, 959
3168, 409, 56, 121
3169, 1804, 77, 276
3170, 1977, 59, 742
3171, 487, 84, 718
3172, 1559, 10, 825
3173, 298, 59, 35
3174, 1271, 45, 915
3175, 509, 51, 179
3176, 492, 27, 12
3177, 678, 11, 150
3178, 620, 81, 223
3179, 1407, 27, 766
3180, 1863, 85, 20
3181, 123, 37, 359
3182, 1535, 26, 271
3183, 1902, 12, 106
3184, 1968, 42, 947
3185, 1474, 35, 725
3186, 997, 5, 253
3187, 1708, 10, 996
3188, 377, 85, 264
3189, 1592, 57, 654
3190, 236, 17, 31
3191, 1340, 65, 868
3192, 390, 61, 2
3193, 261, 63, 576
3194, 765, 20, 932
3195, 1034, 75, 797
3196, 1312, 67, 30
3197, 320, 14, 856
3198, 1014, 8, 908
3199, 1939, 43, 520
3200, 1364, 89, 656
3201, 214, 78, 123
3202, 1851, 48, 675
3203, 1272, 57, 774
3204, 1643, 52, 617
3205, 674, 47, 961
3206, 223, 45, 842
3207, 1476, 94, 826
3208, 494, 35, 556
3209, 1136, 78, 218
3210, 347, 81, 443
3211, 1540, 7, 661
3212, 720, 15, 525
3213, 322, 47, 608
3214, 675, 41, 7
3215, 670, 94, 179
3216, 1519, 94, 521
3217, 1036, 9, 164
3218, 1401, 0, 741
3219, 609, 56, 948
3220, 961, 56, 611
3221, 275, 94, 780
3222, 1896, 33, 937
3223, 1283, 30, 670
3224, 1071, 54, 441
3225, 1272, 59, 553
3226, 757, 11, 551
3227, 1554, 71, 678
3228, 1657, 18, 587
3229, 1339, 88, 263
3230, 749, 85, 66
3231, 1386, 23, 302
3232, 910, 36, 732
3233, 483, 85, 565
3234, 79, 36, 166
3235, 1420, 11, 832
3236, 1102, 18, 7
3237, 242, 36, 980
3238, 941, 80, 726
3239, 1719, 28, 329
3240, 1894, 12, 528
3241, 1758, 5, 851
3242, 1692, 34, 771
3243, 377, 6, 834
3244, 1424, 3, 685
3245, 1476, 89, 881
3246, 924, 0, 354
3247, 453, 51, 168
3248, 780, 76, 816
3249, 941, 84, 147
3250, 1117, 56, 840
3251, 96, 1, 636
3252, 198, 45, 228
3253, 635, 43, 805
3254, 1991, 63, 541
3255, 910, 61, 534
3256, 942, 66, 889
3257, 1973, 73, 622
3258, 765, 78, 715
3259, 126, 96, 810
3260, 1414, 14, 268
3261, 1126, 33, 515
3262, 23, 51, 593
3263, 1390, 89, 757
3264, 420, 30, 31
3265, 653, 18, 446
3266, 930, 14, 920
3267, 1792, 45, 546
3268, 1261, 89, 761
3269, 1270, 75, 446
3270, 1325, 23, 42
3271, 1988, 11, 469
3272, 706, 30, 539
3273, 1950, 94, 815
3274, 1961, 20, 858
3275, 1383, 89, 409
3276, 177, 70, 807
3277, 1388, 64, 516
3278, 757, 20, 540
3279, 1729, 75, 573
3280, 403, 65, 670
3281, 19, 78, 232
3282, 1501, 83, 898
3283, 580, 56, 513
3284, 1045, 63, 230
3285, 1276, 16, 485
3286, 134, 30, 128
3287, 1255, 38, 96
3288, 1821, 38, 901
3289, 1258, 27, 955
3290, 32, 95, 732
3291, 778, 20, 511
3292, 1300, 0, 54
3293, 1774, 81, 545
3294, 1663, 58, 414
3295, 476, 35, 761
3296, 1090, 79, 990
3297, 49, 81, 33
3298, 1759, 30, 56
3299, 1904, 57, 470
3300, 1219, 75, 386
3301, 632, 16, 734
3302, 1787, 54, 98
3303, 1830, 74, 208
3304, 1484, 30, 648
3305, 314, 4, 288
3306, 944, 64, 245
3307, 1533, 8, 325
3308, 1281, 36, 768
3309, 1510, 24, 216
3310, 1068, 16, 642
3311, 317, 11, 68
3312, 143, 44, 334
3313, 168, 1, 854
3314, 1894, 59, 446
3315, 1706, 51, 47
3316, 1897, 96, 342
3317, 355, 48, 63
3318, 1537, 51, 852
3319, 1084, 18, 304
3320, 89, 17, 387
3321, 1025, 33, 588
3322, 1546, 24, 816
3323, 1923, 90, 799
3324, 285, 10, 652
3325, 1806, 72, 205
3326, 1267, 45, 75
3327, 1264, 63, 15
3328, 644, 66, 981
3329, 1883, 94, 68
3330, 1314, 76, 200
3331, 647, 41, 472
3332, 1979, 53, 279
3333, 1382, 3, 470
3334, 1810, 88, 386
3335, 264, 42, 744
3336, 1377, 36, 989
3337, 1887, 32, 468
3338, 845, 29, 336
3339, 1908, 63, 948
3340, 59, 78, 531
3341, 494, 16, 423
3342, 859, 90, 734
3343, 1844, 26, 699
3344, 188, 50, 67
3345, 1834, 28, 673
3346, 387, 35, 265
3347, 989, 40, 202
3348, 1710, 83, 735
3349, 1339, 52, 704
3350, 1796, 66, 31
3351, 1016, 5, 347
3352, 750, 40, 781
3353, 535, 5, 437
3354, 1064, 8, 929
3355, 133, 25, 502
3356, 1375, 81, 507
3357, 1458, 13, 186
3358, 557, 41, 270
3359, 807, 5, 394
3360, 1477, 95, 688
3361, 422, 78, 306
3362, 1272, 25, 949
3363, 1346, 46, 526
3364, 643, 56, 99
3365, 1771, 91, 642
3366, 912, 95, 814
3367, 904, 90, 777
3368, 1340, 95, 516
3369, 201, 52, 14
3370, 587, 75, 566
3371, 187, 58, 256
3372, 1803, 66, 484
3373, 385, 89, 685
3374, 1872, 92, 638
3375, 1508, 97, 534
3376, 72, 90, 67
3377, 1251, 19, 613
3378, 1265, 43, 255
3379, 938, 36, 558
3380, 1104, 52, 597
3381, 1904, 15, 675
3382, 1499, 11, 620
3383, 1894, 94, 748
3384, 919, 70, 752
3385, 1608, 40, 194
3386, 1589, 55, 411
3387, 987, 30, 962
3388, 964, 50, 430
3389, 1814, 21, 301
3390, 1354, 38, 458
3391, 1787, 79, 95
3392, 1825, 63, 131
3393, 448, 47, 367
3394, 1180, 36, 514
3395, 1660, 45, 170
3396, 839, 30, 243
3397, 164, 25, 231
3398, 623, 73, 515
3399, 177, 75, 109
3400, 442, 43, 914
3401, 1524, 73, 761
3402, 70, 74, 716
3403, 1164, 25, 966
3404, 1502, 85, 784
3405, 714, 31, 687
3406, 1381, 63, 485
3407, 360, 23, 719
3408, 989, 29, 960
3409, 943, 74, 942
3410, 1179, 28, 403
3411, 477, 19, 430
3412, 75, 63, 293
3413, 47, 87, 405
3414, 1202, 30, 655
3415, 1348, 57, 543
3416, 561, 80, 17
3417, 975, 95, 984
3418, 189, 22, 707
3419, 594, 46, 749
3420, 778, 51, 370
3421, 567, 87, 1
3422, 566, 68, 515
3423, 969, 36, 336
3424, 1078, 62, 994
3425, 579, 83, 527
3426, 59, 1, 148
3427, 1474, 48, 897
3428, 977, 25, 362
3429, 1403, 0, 409
3430, 1468, 35, 163
3431, 590, 36, 642
3432, 1799, 97, 331
3433, 1339, 20, 635
3434, 1035, 51, 77
3435, 1987, 8, 514
3436, 878, 4, 162
3437, 774, 1, 33
3438, 983, 82, 823
3439, 1948, 1, 428
3440, 296, 42, 215
3441, 716, 85, 864
3442, 1293, 49, 322
3443, 481, 94, 295
3444, 1579, 12, 250
3445, 1667, 25, 585
3446, 581, 26, 180
3447, 717, 27, 48
3448, 871, 61, 962
3449, 1962, 61, 81
3450, 621, 92, 797
3451, 773, 43, 228
3452, 556, 81, 98
3453, 1648, 28, 723
3454, 1198, 3, 893
3455, 1214, 25, 195
3456, 814, 19, 784
3457, 524, 73, 775
3458, 464, 29, 519
3459, 463, 36, 151
3460, 46, 79, 572
3461, 1886, 89, 155
3462, 19, 32, 116
3463, 1453, 69, 227
3464, 206, 65, 971
3465, 763, 76, 63
3466, 581, 21, 695
3467, 1309, 86, 615
3468, 1977, 13, 207
3469, 1663, 96, 646
3470, 610, 56, 304
3471, 60, 29, 312
3472, 1524, 95, 60
3473, 1300, 57, 95
3474, 1108, 86, 7
3475, 1858, 79, 29
3476, 781, 23, 681
3477, 1608, 16, 388
3478, 1007, 60, 487
3479, 1341, 59, 636
3480, 1334, 74, 328
3481, 947, 62, 154
3482, 1473, 73, 805
3483, 1377, 50, 723
3484, 615, 89, 922
3485, 1005, 12, 302
3486, 1916, 90, 508
3487, 980, 8, 939
3488, 934, 71, 171
3489, 790, 45, 921
3490, 1784, 27, 974
3491, 928, 21, 360
3492, 171, 46, 174
3493, 1032, 36, 609
3494, 352, 46, 889
3495, 1337, 51, 732
3496, 204, 50, 350
3497, 496, 41, 296
3498, 0, 92, 996
3499, 86, 65, 818
3500, 186, 18, 938
3501, 179, 60, 90
3502, 1010, 64, 740
3503, 1780, 18, 551
3504, 1630, 36, 555
3505, 20, 29, 952
3506, 603, 8, 631
3507, 573, 58, 859
3508, 1932, 16, 677
3509, 1946, 34, 137
3510, 894, 28, 845
3511, 863, 37, 934
3512, 186, 98, 470
3513, 1879, 42, 735
3514, 931, 29, 830
3515, 401, 3, 990
3516, 1861, 69, 727
3517, 955, 98, 271
3518, 748, 30, 788
3519, 1400, 97, 621
3520, 809, 17, 333
3521, 1615, 99, 442
3522, 478, 31, 646
3523, 432, 87, 936
3524, 931, 9, 539
3525, 294, 85, 616
3526, 1711, 79, 678
3527, 590, 53, 802
3528, 1613, 69, 984
3529, 1302, 79, 996
3530, 1913, 1, 848
3531, 889, 80, 151
3532, 1676, 93, 23
3533, 1870, 84, 507
3534, 627, 35, 448
3535, 816, 93, 118
3536, 594, 30, 936
3537, 1944, 24, 773
3538, 175, 33, 670
3539, 846, 45, 319
3540, 1044, 60, 250
3541, 1238, 20, 93
3542, 812, 89, 833
3543, 433, 14, 90
3544, 607, 54, 666
3545, 33, 73, 580
3546, 1778, 13, 549
3547, 402, 50, 944
3548, 1572, 23, 796
3549, 565, 79, 338
3550, 284, 75, 42
3551, 247, 55, 748
3552, 1636, 58, 788
3553, 353, 92, 150
3554, 30, 65, 739
3555, 412, 26, 842
3556, 1170, 99, 568
3557, 83, 59, 228
3558, 1388, 92, 815
3559, 407, 64, 288
3560, 1628, 1, 277
3561, 377, 98, 254
3562, 1308, 27, 416
3563, 1682, 90, 58
3564, 1694, 60, 827
3565, 1002, 97, 946
3566, 592, 93, 830
3567, 1660, 80, 112
3568, 955, 25, 703
3569, 236, 4, 859
3570, 1371, 15, 192
3571, 128, 67, 315
3572, 1361, 93, 749
3573, 1159, 29, 283
3574, 791, 89, 518
3575, 1438, 38, 165
3576, 1504, 38, 831
3577, 527, 3, 726
3578, 183, 48, 334
3579, 1407, 79, 935
3580, 1438, 93, 445
3581, 1319, 31, 226
3582, 295, 81, 97
3583, 763, 82, 100
3584, 755, 13, 394
3585, 1033, 10, 465
3586, 181, 66, 64
3587, 1647, 69, 243
3588, 1380, 94, 480
3589, 1291, 87, 232
3590, 1811, 53, 745
3591, 786, 11, 674
3592, 1894, 59, 136
3593, 1300, 35, 882
3594, 1939, 54, 680
3595, 1534, 32, 23
3596, 1865, 5, 98
3597, 1701, 42, 141
3598, 7, 22, 972
3599, 980, 11, 425
3600, 870, 32, 796
3601, 683, 81, 446
3602, 475, 14, 184
3603, 143, 16, 852
3604, 1919, 96, 401
3605, 329, 2, 560
3606, 1625, 6, 298
3607, 322, 83, 178
3608, 250, 65, 521
3609, 1259, 21, 135
3610, 1440, 26, 196
3611, 261, 34, 381
3612, 1265, 61, 847
3613, 1165, 98, 755
3614, 328, 72, 501
3615, 690, 67, 217
3616, 113, 83, 20
3617, 1299, 59, 55
3618, 462, 81, 466
3619, 998, 86, 719
3620, 1925, 17, 895
3621, 1802, 72, 697
3622, 496, 86, 974
3623, 1034, 86, 413
3624, 1335, 98, 495
3625, 228, 80, 660
3626, 397, 18, 756
3627, 73, 50, 537
3628, 106, 78, 950
3629, 922, 5, 24
3630, 1443, 61, 637
3631, 772, 37, 293
3632, 527, 35, 291
3633, 258, 89, 730
3634, 412, 92, 859
3635, 280, 15, 277
3636, 202, 65, 459
3637, 696, 51, 0
3638, 15, 49, 169
3639, 1049, 47, 341
3640, 1080, 40, 275
3641, 1778, 77, 397
3642, 904, 36, 604
3643, 336, 66, 198
3644, 232, 89, 126
3645, 1844, 99, 98
3646, 1261, 59, 754
3647, 1910, 29, 608
3648, 107, 71, 798
3649, 474, 94, 725
3650, 790, 78, 381
3651, 1708, 83, 97
3652, 1377, 75, 122
3653, 1821, 63, 2
3654, 446, 22, 916
3655, 1035, 14, 124
3656, 1482, 91, 964
3657, 1909, 91, 680
3658, 355, 32, 879
3659, 414, 48, 813
3660, 382, 37, 29
3661, 1909, 55, 566
3662, 1791, 63, 925
3663, 40, 86, 193
3664, 1601, 63, 703
3665, 333, 89, 692
3666, 922, 7, 532
3667, 231, 54, 12
3668, 591, 48, 838
3669, 1361, 88, 414
3670, 885, 62, 309
3671, 239, 2, 242
3672, 23, 74, 19
3673, 1520, 1, 954
3674, 1516, 49, 769
3675, 1563, 73, 648
3676, 383, 63, 772
3677, 1895, 26, 107
3678, 1520, 27, 340
3679, 533, 44, 700
3680, 1213, 22, 332
3681, 1948, 43, 837
3682, 1640, 34, 692
3683, 862, 46, 375
3684, 565, 86, 84
3685, 431, 12, 256
3686, 1643, 10, 758
3687, 1905, 34, 835
3688, 1676, 81, 989
3689, 995, 7, 537
3690, 611, 15, 414
3691, 1722, 26, 727
3692, 1648, 16, 723
3693, 1011, 19, 780
3694, 56, 28, 577
3695, 828, 59, 904
3696, 313, 92, 406
3697, 264, 58, 78
3698, 1759, 67, 425
3699, 39, 35, 27
3700, 200, 78, 638
3701, 703, 24, 374
3702, 1655, 84, 211
3703, 1248, 79, 918
3704, 323, 31, 563
3705, 1856, 80, 627
3706, 1127, 61, 697
3707, 482, 61, 21
3708, 1699, 78, 96
3709, 354, 57, 817
3710, 975, 76, 791
3711, 1594, 49, 921
3712, 50, 11, 146
3713, 1619, 42, 524
3714, 1056, 23, 372
3715, 872, 1, 787
3716, 508, 57, 530
3717, 28, 94, 478
3718, 993, 22, 336
3719, 344, 23, 494
3720, 1128, 25, 76
3721, 1177, 48, 957
3722, 248, 95, 484
3723, 1112, 64, 211
3724, 171, 46, 443
3725, 31, 99, 37
3726, 475, 60, 747
3727, 892, 23, 455
3728, 1875, 49, 594
3729, 1758, 51, 613
3730, 1689, 78, 259
3731, 1637, 91, 935
3732, 515, 13, 456
3733, 431, 31, 941
3734, 161, 77, 712
3735, 1384, 42, 172
3736, 39, 84, 816
3737, 1040, 98, 837
3738, 1814, 76, 925
3739, 722, 23, 882
3740, 1262, 85, 43
3741, 370, 46, 488
3742, 1140, 22, 368
3743, 1600, 36, 691
3744, 423, 35, 548
3745, 556, 59, 671
3746, 763, 56, 713
3747, 1413, 77, 618
3748, 530, 48, 863
3749, 1985, 54, 761
3750, 302, 14, 574
3751, 492, 16, 578
3752, 844, 31, 990
3753, 1269, 58, 983
3754, 287, 65, 447
3755, 1781, 6, 341
3756, 1518, 38, 17
3757, 1477, 68, 254
3758, 466, 47, 913
3759, 1908, 54, 880
3760, 1594, 11, 888
3761, 1261, 39, 478
3762, 276, 22, 857
3763, 252, 74, 236
3764, 523, 86, 999
3765, 1467, 47, 199
3766, 1471, 43, 215
3767, 307, 96, 136
3768, 720, 29, 742
3769, 490, 72, 410
3770, 996, 43, 516
3771, 438, 60, 371
3772, 606, 70, 3
3773, 210, 49, 301
3774, 1052, 4, 601
3775, 53, 59, 615
3776, 199, 29, 566
3777, 1235, 79, 904
3778, 52, 6, 158
3779, 1041, 14, 32
3780, 1315, 74, 792
3781, 1016, 16, 733
3782, 700, 45, 981
3783, 889, 97, 618
3784, 881, 22, 967
3785, 1457, 10, 363
3786, 467, 4, 912
3787, 12, 0, 592
3788, 18, 90, 553
3789, 401, 82, 875
3790, 1450, 12, 470
3791, 80, 13, 273
3792, 1851, 1, 261
3793, 1935, 81, 123
3794, 1227, 18, 341
3795, 249, 0, 934
3796, 1772, 6, 776
3797, 1745, 2, 903
3798, 1052, 15, 172
3799, 621, 88, 783
3800, 1674, 25, 433
3801, 331, 96, 688
3802, 1485, 41, 728
3803, 428, 70, 708
3804, 1501, 96, 867
3805, 1598, 72, 516
3806, 51, 67, 456
3807, 1284, 4, 752
3808, 928, 26, 412
3809, 1523, 68, 309
3810, 1608, 19, 152
3811, 553, 32, 712
3812, 971, 21, 839
3813, 1007, 28, 220
3814, 520, 97, 63
3815, 1067, 67, 714
3816, 1830, 70, 835
3817, 153, 66, 854
3818, 161, 8, 166
3819, 282, 13, 721
3820, 260, 25, 9
3821, 192, 88, 999
3822, 1423, 80, 645
3823, 1341, 92, 941
3824, 1362, 84, 3
3825, 1201, 34, 250
3826, 1946, 2, 452
3827, 135, 61, 144
3828, 1154, 59, 622
3829, 908, 49, 882
3830, 1782, 56, 755
3831, 1890, 3, 564
3832, 1313, 85, 469
3833, 382, 48, 970
3834, 1342, 74, 110
3835, 717, 10, 888
3836, 985, 31, 0
3837, 1330, 45, 64
3838, 1989, 75, 168
3839, 1144, 63, 738
3840, 1180, 78, 905
3841, 601, 68, 624
3842, 34, 46, 811
3843, 729, 3, 935
3844, 1446, 72, 195
3845, 834, 57, 349
3846, 1854, 96, 154
3847, 1358, 78, 22
3848, 1381, 12, 566
3849, 1723, 76, 362
3850, 1364, 45, 411
3851, 186, 83, 348
3852, 1249, 75, 226
3853, 493, 79, 734
3854, 1117, 79, 700
3855, 837, 53, 857
3856, 442, 39, 487
3857, 926, 7, 357
3858, 1470, 63, 433
3859, 707, 69, 239
3860, 90, 71, 357
3861, 329, 11, 899
3862, 7, 48, 544
3863, 1198, 32, 467
3864, 1264, 92, 206
3865, 1473, 39, 443
3866, 1122, 54, 169
3867, 1015, 96, 397
3868, 1661, 38, 245
3869, 219, 32, 550
3870, 1758, 68, 589
3871, 607, 51, 874
3872, 39, 36, 243
3873, 1329, 58, 630
3874, 1502, 87, 146
3875, 1580, 75, 617
3876, 1361, 99, 253
3877, 827, 35, 890
3878, 1146, 35, 337
3879, 1391, 60, 747
3880, 1355, 44, 380
3881, 1393, 75, 12
3882, 632, 56, 412
3883, 1593, 68, 925
3884, 1395, 52, 978
3885, 837, 34, 453
3886, 1440, 49, 367
3887, 1365, 43, 623
3888, 1504, 3, 149
3889, 468, 89, 626
3890, 1426, 31, 713
3891, 713, 48, 463
3892, 494, 80, 226
3893, 147, 13, 567
3894, 509, 49, 591
3895, 653, 35, 144
3896, 1443, 75, 240
3897, 190, 33, 329
3898, 1414, 34, 46
3899, 1286, 32, 221
3900, 1110, 3, 191
3901, 132, 11, 17
3902, 1018, 46, 564
3903, 212, 60, 283
3904, 206, 45, 964
3905, 1495, 38, 132
3906, 1401, 54, 114
3907, 1167, 8, 274
3908, 1430, 42, 555
3909, 1352, 48, 215
3910, 1528, 9, 360
3911, 40, 11, 828
3912, 1476, 25, 577
3913, 1161, 63, 640
3914, 634, 84, 204
3915, 1955, 42, 295
3916, 536, 47, 532
3917, 402, 42, 735
3918, 147, 41, 0
3919, 793, 55, 157
3920, 1423, 95, 616
3921, 1069, 26, 75
3922, 675, 25, 456
3923, 1300, 50, 956
3924, 316, 95, 408
3925, 1046, 63, 537
3926, 1698, 80, 853
3927, 860, 65, 752
3928, 1896, 50, 151
3929, 1138, 10, 38
3930, 1525, 57, 529
3931, 1701, 94, 13
3932, 110, 17, 993
3933, 1545, 24, 142
3934, 708, 88, 103
3935, 1075, 91, 817
3936, 653, 32, 857
3937, 567, 49, 13
3938, 270, 60, 327
3939, 621, 97, 606
3940, 659, 25, 825
3941, 724, 10, 225
3942, 1780, 44, 723
3943, 70, 23, 894
3944, 1707, 47, 680
3945, 764, 52, 378
3946, 645, 5, 200
3947, 323, 51, 991
3948, 1611, 70, 981
3949, 82, 27, 937
3950, 36, 64, 733
3951, 1486, 83, 871
3952, 676, 32, 118
3953, 1814, 32, 422
3954, 1212, 50, 681
3955, 1872, 94, 82
3956, 223, 85, 188
3957, 1278, 48, 518
3958, 1587, 13, 757
3959, 389, 33, 270
3960, 649, 19, 534
3961, 873, 94, 848
3962, 1867, 84, 830
3963, 1201, 9, 200
3964, 323, 52, 879
3965, 487, 31, 600
3966, 1818, 71, 356
3967, 744, 15, 88
3968, 1600, 13, 694
3969, 1676, 1, 428
3970, 922, 12, 828
3971, 147, 76, 864
3972, 531, 76, 642
3973, 1132, 1, 692
3974, 1625, 30, 622
3975, 1285, 15, 19
3976, 1581, 79, 143
3977, 713, 19, 206
3978, 1830, 27, 68
3979, 1765, 92, 233
3980, 1480, 24, 520
3981, 192, 8, 727
3982, 477, 34, 632
3983, 254, 34, 751
3984, 699, 5, 922
3985, 123, 30, 197
3986, 1865, 16, 777
3987, 714, 10, 924
3988, 1379, 45, 673
3989, 72, 25, 681
3990, 1068, 80, 138
3991, 1685, 11, 478
3992, 226, 5, 443
3993, 159, 77, 754
3994, 677, 37, 128
3995, 485, 27, 524
3996, 1839, 92, 30
3997, 216, 62, 972
3998, 1878, 43, 614
3999, 1967, 21, 61
