0.030224323272705078
0.0275266170501709
0.02762150764465332
0.029032468795776367
0.03165459632873535
0.031152009963989258
0.030076980590820312
0.03069329261779785
0.03020477294921875
0.03050518035888672
0.03013467788696289
0.02978348731994629
0.030187129974365234
0.04688072204589844
0.032323360443115234
0.03179788589477539
0.02960491180419922
0.02954864501953125
0.030204296112060547
0.03006911277770996
0.02926015853881836
0.029784202575683594
0.0299532413482666
0.030526399612426758
0.030033588409423828
0.030992507934570312
0.030868053436279297
0.03148627281188965
0.03293728828430176
0.034165382385253906
0.03205442428588867
0.03153109550476074
0.030462026596069336
0.030424833297729492
0.029876232147216797
0.03127455711364746
0.030559301376342773
0.03080129623413086
0.030155658721923828
0.030692100524902344
0.03018951416015625
0.030847549438476562
0.030344724655151367
0.031019926071166992
0.03069019317626953
0.0311124324798584
0.030557870864868164
0.03102397918701172
0.03111410140991211
0.031683921813964844
0.031133174896240234
0.03173565864562988
0.03134632110595703
0.03172135353088379
0.03153800964355469
0.03315877914428711
0.031755924224853516
0.03258037567138672
0.031648874282836914
0.033011436462402344
0.03303837776184082
0.03297734260559082
0.03254294395446777
0.0327150821685791
0.031792402267456055
0.03270220756530762
0.03201460838317871
0.032483816146850586
0.03236556053161621
0.032326459884643555
0.031943559646606445
0.03244352340698242
0.03196406364440918
0.032492637634277344
0.031976938247680664
0.032254695892333984
0.03206181526184082
0.03271627426147461
0.034451961517333984
0.03358578681945801
0.033525943756103516
0.03445601463317871
0.03373908996582031
0.03348278999328613
0.03338360786437988
0.03480219841003418
0.034052371978759766
0.03399538993835449
0.03323650360107422
0.033820390701293945
0.033449649810791016
0.03404879570007324
0.0337522029876709
0.03506207466125488
0.03437066078186035
0.03497195243835449
0.035234689712524414
0.037047624588012695
0.035848140716552734
0.035637617111206055
0.03477644920349121
0.03527522087097168
0.03476142883300781
0.03488731384277344
0.034255027770996094
0.03606295585632324
0.035994768142700195
0.03685593605041504
0.035939931869506836
0.0358433723449707
0.03486824035644531
0.03604555130004883
0.03487706184387207
0.03668332099914551
0.03639936447143555
0.03640437126159668
0.03605794906616211
0.03593134880065918
0.03537178039550781
0.0357365608215332
0.03556036949157715
0.03615117073059082
0.03667449951171875
0.03578639030456543
0.03540444374084473
0.036139488220214844
0.03550124168395996
0.03705096244812012
0.0357060432434082
0.03651690483093262
0.03589773178100586
0.03670811653137207
0.03799033164978027
0.03918600082397461
0.03924822807312012
0.04022669792175293
0.040715694427490234
0.04062819480895996
0.03811144828796387
0.03937363624572754
0.03954482078552246
0.039592742919921875
0.05070614814758301
0.05177164077758789
0.04265952110290527
0.04046130180358887
0.039215803146362305
0.038878440856933594
0.03774738311767578
0.03753185272216797
0.03799605369567871
0.03968453407287598
0.03942584991455078
0.042948246002197266
0.04034256935119629
0.03934907913208008
0.03805947303771973
0.03859734535217285
0.03751254081726074
0.038359642028808594
0.03856205940246582
0.0398564338684082
0.03914070129394531
0.03835916519165039
0.03831219673156738
0.03952622413635254
0.03827023506164551
0.04026651382446289
0.03871321678161621
0.03989362716674805
0.03904223442077637
0.03923177719116211
0.03958773612976074
0.03899955749511719
0.04011106491088867
0.04365038871765137
0.042192935943603516
0.04168868064880371
0.041114091873168945
0.04189252853393555
0.03992938995361328
0.04064440727233887
0.03976607322692871
0.0401453971862793
0.03967475891113281
0.03947043418884277
0.03918862342834473
0.041095733642578125
0.03959012031555176
0.04007720947265625
0.0410001277923584
0.04160594940185547
0.0398869514465332
0.0421452522277832
0.040360450744628906
0.04022836685180664
0.04059243202209473
0.04055476188659668
0.03975701332092285
0.041132450103759766
0.0402531623840332
0.04060840606689453
0.04099464416503906
0.0411224365234375
0.04059243202209473
0.04214072227478027
0.04142260551452637
0.041169166564941406
0.041649580001831055
0.04315066337585449
0.04258465766906738
0.04299163818359375
0.04082798957824707
0.04146289825439453
0.04178261756896973
0.04169273376464844
0.041808128356933594
0.04271292686462402
0.04137134552001953
0.04196929931640625
0.04229855537414551
0.04201912879943848
0.04166150093078613
0.043426513671875
0.04169178009033203
0.04216122627258301
0.04283952713012695
0.04403495788574219
0.042807817459106445
0.04265952110290527
0.04123950004577637
0.04295682907104492
0.04230475425720215
0.04315590858459473
0.043401479721069336
0.04378557205200195
0.043927907943725586
0.04436755180358887
0.04674410820007324
0.04544663429260254
0.04385805130004883
0.044013261795043945
0.04320526123046875
0.043962717056274414
0.04376983642578125
0.0438532829284668
0.042508602142333984
0.04433178901672363
0.04408621788024902
0.04510664939880371
0.04359626770019531
0.04516911506652832
0.04304790496826172
0.04403352737426758
0.044728755950927734
0.04457664489746094
0.044913530349731445
0.044736623764038086
0.04455995559692383
0.04501199722290039
0.04523754119873047
0.04545712471008301
0.04515886306762695
0.04520130157470703
0.045436859130859375
0.045217275619506836
0.04561591148376465
0.04492044448852539
0.045769691467285156
0.04546475410461426
0.04587435722351074
0.045037031173706055
0.045592308044433594
0.046344757080078125
0.04620480537414551
0.045775651931762695
0.046061038970947266
0.04598426818847656
0.0460207462310791
0.04581570625305176
0.04612588882446289
0.046442270278930664
0.045821428298950195
0.046239614486694336
0.045858144760131836
0.046306610107421875
0.047545671463012695
0.04643511772155762
0.04632258415222168
0.0464625358581543
0.0469815731048584
0.04761981964111328
0.047318458557128906
0.04752326011657715
0.04738569259643555
0.04817318916320801
0.04831814765930176
0.04779219627380371
0.04786205291748047
0.04855847358703613
0.048279523849487305
0.04778695106506348
0.04778623580932617
0.04809427261352539
0.047821998596191406
0.04847455024719238
0.0482332706451416
0.048834800720214844
0.04880571365356445
0.04839491844177246
0.04912090301513672
0.048725128173828125
0.06369185447692871
0.05246591567993164
0.04616713523864746
0.04722929000854492
0.04599189758300781
0.04739809036254883
0.046309471130371094
0.047796010971069336
0.04626321792602539
0.04794883728027344
0.04712724685668945
0.0488131046295166
0.047315120697021484
0.048326969146728516
0.04701733589172363
0.048607587814331055
0.047331809997558594
0.04953646659851074
0.04750561714172363
0.04900717735290527
0.047292470932006836
0.04909944534301758
0.04726767539978027
0.04872441291809082
0.04736828804016113
0.04895448684692383
0.047853946685791016
0.04924631118774414
0.047736406326293945
0.049329280853271484
0.04784369468688965
0.050369977951049805
0.04903101921081543
0.05052471160888672
0.04895615577697754
0.050522804260253906
0.04874539375305176
0.049723148345947266
0.04863166809082031
0.04993772506713867
0.04856610298156738
0.05009627342224121
0.04872417449951172
0.050209999084472656
0.049103736877441406
0.05108904838562012
0.04929018020629883
0.05103349685668945
0.04923129081726074
0.05039834976196289
0.0494387149810791
0.05150151252746582
0.04992175102233887
0.051696062088012695
0.04972696304321289
0.05109739303588867
0.04991602897644043
0.05101418495178223
0.04977011680603027
0.05117940902709961
0.04976797103881836
0.05142617225646973
0.049919843673706055
0.05165219306945801
0.04995393753051758
0.05164146423339844
0.05006122589111328
0.05170559883117676
0.050080299377441406
0.05183577537536621
0.05014634132385254
0.05186128616333008
0.0504918098449707
0.052025794982910156
0.05061817169189453
0.05284619331359863
0.051207780838012695
0.0522463321685791
0.051055908203125
0.05259203910827637
0.05123329162597656
0.053328752517700195
0.05204939842224121
0.053394317626953125
0.0515291690826416
0.05246758460998535
0.051584720611572266
0.05275225639343262
0.05158638954162598
0.05283761024475098
0.05188274383544922
0.05330657958984375
0.05212140083312988
0.053145647048950195
0.051782846450805664
0.06362438201904297
0.05311846733093262
0.05325651168823242
0.05282759666442871
0.05398750305175781
0.0533907413482666
0.0531766414642334
0.0532994270324707
0.053641319274902344
0.053563594818115234
0.05346536636352539
0.05344223976135254
0.053905487060546875
0.053687334060668945
0.05438661575317383
0.05401492118835449
0.0540316104888916
0.05388331413269043
0.0544428825378418
0.05420327186584473
0.05405163764953613
0.054213523864746094
0.05446290969848633
0.05457258224487305
0.054213523864746094
0.05386853218078613
0.05464339256286621
0.054145097732543945
0.0542902946472168
0.05380439758300781
0.05456042289733887
0.05419135093688965
0.0545651912689209
0.05460667610168457
0.05456066131591797
0.05465221405029297
0.05516815185546875
0.05546903610229492
0.05541086196899414
0.05495285987854004
0.05534005165100098
0.05554342269897461
0.055555105209350586
0.05552315711975098
0.05541515350341797
0.05524444580078125
0.05575108528137207
0.05554795265197754
0.05575442314147949
0.05536246299743652
0.05578875541687012
0.05560469627380371
0.05706596374511719
0.05592751502990723
0.0564427375793457
0.05615234375
0.05633234977722168
0.05582475662231445
0.05640697479248047
0.05664706230163574
0.05703926086425781
0.05682849884033203
0.05840945243835449
0.0570833683013916
0.058182716369628906
0.05696678161621094
0.05725741386413574
0.05719137191772461
0.05850934982299805
0.0572965145111084
0.05842876434326172
0.05759096145629883
0.058484792709350586
0.05736112594604492
0.059027671813964844
0.05840420722961426
0.059183359146118164
0.05807948112487793
0.059201717376708984
0.05798602104187012
0.058798789978027344
0.058030128479003906
0.05906391143798828
0.05835914611816406
0.05913519859313965
0.0583043098449707
0.05945944786071777
0.05858302116394043
0.05967998504638672
0.05944085121154785
0.06006360054016113
0.0589597225189209
0.05972909927368164
