1.9758052825927734
2.019528865814209
2.001438856124878
2.046518564224243
2.0143158435821533
2.071418523788452
2.051697015762329
2.1045966148376465
2.079556941986084
2.129387855529785
2.115750789642334
2.1531856060028076
2.1500742435455322
2.24035906791687
2.1912596225738525
2.237156629562378
2.20452880859375
2.2555031776428223
2.2328834533691406
2.274123430252075
2.249732255935669
2.2990612983703613
2.269214153289795
2.3247570991516113
2.2971813678741455
2.330803871154785
2.2970805168151855
2.3479485511779785
2.317970037460327
2.3739302158355713
2.3368539810180664
2.3844103813171387
2.357553482055664
2.4110803604125977
2.392516851425171
2.4379918575286865
2.408369779586792
2.453918218612671
2.4346189498901367
2.4790642261505127
2.452507495880127
2.496354818344116
2.468773603439331
2.5287978649139404
2.4817423820495605
2.5272929668426514
2.4897356033325195
2.5575437545776367
2.5084352493286133
2.5632691383361816
2.536454677581787
2.5833029747009277
2.5652425289154053
2.6124141216278076
2.576568603515625
2.629026174545288
2.5986344814300537
2.659977674484253
2.6513030529022217
2.684706687927246
2.66009521484375
2.69842267036438
2.6661717891693115
2.7218730449676514
2.689476728439331
2.7418065071105957
2.709429979324341
2.768646240234375
2.752081871032715
2.79410457611084
2.774761438369751
2.831368923187256
2.794038772583008
2.8466598987579346
2.8214111328125
2.8812100887298584
2.8506650924682617
2.909276247024536
2.8796727657318115
2.934331178665161
2.9077656269073486
2.9677236080169678
2.9294235706329346
2.9806199073791504
2.942772150039673
3.000953435897827
2.966089963912964
3.031785726547241
2.9939465522766113
3.0577549934387207
3.019742488861084
3.0754690170288086
3.037379741668701
3.1023507118225098
3.0645153522491455
3.1245267391204834
3.088669538497925
3.1519687175750732
3.1075046062469482
3.180830240249634
3.1291182041168213
3.19830322265625
3.1580047607421875
3.218924045562744
3.1786136627197266
3.2421693801879883
3.2017316818237305
3.267152786254883
3.2236249446868896
3.2873756885528564
3.2478456497192383
3.314270257949829
3.2702038288116455
3.335141897201538
3.294098138809204
3.3594260215759277
3.319467544555664
3.3889646530151367
3.339728832244873
3.4121623039245605
3.370283842086792
3.4413723945617676
3.3924622535705566
3.462921619415283
3.428218126296997
3.4961631298065186
3.4379115104675293
3.5212507247924805
3.4809274673461914
3.5578362941741943
3.5091464519500732
3.5795016288757324
3.536633253097534
3.603013515472412
3.5676419734954834
3.6396305561065674
3.5929808616638184
3.6625921726226807
3.5951168537139893
3.6888537406921387
3.6370110511779785
3.7204103469848633
3.6737003326416016
3.7412831783294678
3.6974313259124756
3.7833642959594727
3.719130039215088
3.7987236976623535
3.7454769611358643
3.8217008113861084
3.7641587257385254
3.8790907859802246
3.8020458221435547
3.8796088695526123
3.8241829872131348
3.9118080139160156
3.8575289249420166
3.939232349395752
3.8784432411193848
3.9628729820251465
3.9002089500427246
3.9864537715911865
3.932021141052246
4.01679801940918
3.9576449394226074
4.03683066368103
3.985074520111084
4.062025308609009
4.001812934875488
4.085201263427734
4.036875247955322
4.1139326095581055
4.057823181152344
4.142992734909058
4.074323415756226
4.178874254226685
4.114156246185303
4.195673942565918
4.1373512744903564
4.222642660140991
4.162216901779175
4.281640529632568
4.187659978866577
4.277105093002319
4.209019899368286
4.302137136459351
4.2327423095703125
4.3214826583862305
4.255589246749878
4.352760076522827
4.289606332778931
4.384252071380615
4.3141937255859375
4.404706954956055
4.340576648712158
4.441645860671997
4.371392011642456
4.468585968017578
4.397771120071411
4.48838472366333
4.429145097732544
4.5226593017578125
4.451032638549805
4.547600030899048
4.481574535369873
4.5698583126068115
4.494745254516602
4.608611583709717
4.526811361312866
4.6260364055633545
4.5543670654296875
4.660706043243408
4.592909574508667
4.697408676147461
4.633641242980957
4.7230095863342285
4.646071434020996
4.756040334701538
4.679889678955078
4.7680792808532715
4.696343421936035
4.812844276428223
4.73564076423645
4.827352523803711
4.775801420211792
4.8716771602630615
4.794509410858154
4.894294500350952
4.813397169113159
4.909714460372925
4.839395761489868
4.941072463989258
4.876785516738892
4.977025747299194
4.906452894210815
5.020617485046387
4.948318719863892
5.042845726013184
5.0023767948150635
5.072861671447754
4.998219728469849
5.114055395126343
5.021951198577881
5.124906778335571
5.066875219345093
5.184192657470703
5.101706027984619
5.187442064285278
5.109120607376099
5.257523775100708
5.162304162979126
5.251179218292236
5.185133934020996
5.284448862075806
5.19825553894043
5.326097726821899
5.257713556289673
5.359915494918823
5.266782522201538
5.393404245376587
5.310908794403076
5.4278645515441895
5.33584451675415
5.434416055679321
5.35321831703186
5.458729267120361
5.399087905883789
5.499043941497803
5.447110891342163
5.539902210235596
5.4478418827056885
5.554377317428589
5.483983993530273
5.583201169967651
5.503966331481934
5.629630088806152
5.549830436706543
5.9039459228515625
5.609853267669678
5.711620330810547
5.607707738876343
5.700307130813599
5.61933708190918
5.789822816848755
5.6556556224823
5.811173439025879
5.67777943611145
5.812585830688477
5.720485687255859
5.83689284324646
5.768617630004883
5.880300045013428
5.787786245346069
5.868757486343384
5.8095481395721436
5.919996738433838
5.825953960418701
5.970430850982666
5.861549377441406
5.981962203979492
5.905374765396118
6.0306618213653564
5.93450927734375
6.06123948097229
5.964627742767334
6.073208332061768
5.988621473312378
6.099708557128906
6.019721746444702
6.153578758239746
6.0373029708862305
6.167534589767456
6.093595504760742
6.213147401809692
6.099791765213013
6.234113693237305
6.143665552139282
6.268001079559326
6.169799327850342
6.29417872428894
6.197851657867432
6.343243598937988
6.15540885925293
6.241039752960205
6.1413514614105225
6.276875019073486
6.177140235900879
6.3093907833099365
6.222426652908325
6.349661350250244
6.2704925537109375
6.381492376327515
6.28130841255188
6.41089653968811
6.309740781784058
6.434110641479492
6.350186586380005
6.505931615829468
6.394891738891602
6.520916223526001
6.438999176025391
6.570215940475464
6.492729663848877
6.595650911331177
6.50331449508667
6.625892162322998
6.543642520904541
6.67812967300415
6.570356369018555
6.692574977874756
6.611943006515503
6.7565085887908936
6.6429126262664795
6.769697427749634
6.688327074050903
6.809711694717407
6.703176736831665
6.867253065109253
6.740400791168213
6.886377334594727
6.776424169540405
6.89426326751709
6.799723386764526
6.934077262878418
6.838628768920898
6.986649036407471
6.876077175140381
6.990060567855835
6.8962790966033936
7.046852111816406
6.9434497356414795
7.0886595249176025
6.990314483642578
7.147061347961426
7.03607177734375
7.176545858383179
7.07863187789917
7.206313610076904
7.113865375518799
7.251272439956665
7.134771347045898
7.274681329727173
7.170193195343018
7.32337212562561
7.199711322784424
7.352454423904419
7.235259771347046
7.38348388671875
7.275789022445679
7.432614088058472
7.300060510635376
7.444850921630859
7.3465187549591064
7.485816955566406
7.393692970275879
7.5342326164245605
7.407956600189209
7.565588712692261
7.468810796737671
7.609419822692871
7.502338647842407
7.626423597335815
7.508991479873657
7.665475845336914
7.541553497314453
7.690014839172363
7.586293935775757
7.733403205871582
7.620638847351074
7.766636371612549
7.6733176708221436
7.8285605907440186
7.704556226730347
7.857053518295288
7.736497640609741
7.890905857086182
7.751386642456055
7.9143054485321045
7.777614593505859
7.93862771987915
7.824214696884155
7.986777305603027
7.856878042221069
8.013916969299316
7.908939838409424
8.052018165588379
7.898752689361572
8.087460041046143
7.962940216064453
8.147720336914062
8.006350755691528
8.157856464385986
8.042892932891846
8.19244122505188
8.080990076065063
8.237368106842041
8.117727756500244
8.266216278076172
8.152641534805298
8.316035509109497
8.185098886489868
8.354787111282349
8.209698915481567
8.400193929672241
8.222699642181396
8.403004169464111
8.280136823654175
8.444069862365723
8.30233883857727
8.479566097259521
8.346940040588379
8.536914110183716
8.405910968780518
8.574379682540894
8.423131227493286
8.587757110595703
8.466401100158691
8.634791374206543
8.48727798461914
8.669334888458252
8.531181335449219
8.692772388458252
8.563163757324219
8.71863865852356
8.58585238456726
8.785172939300537
8.639020919799805
8.814662456512451
8.655885696411133
9.266805410385132
8.74772047996521
8.915780305862427
8.811533689498901
8.936724424362183
8.79665207862854
8.94483208656311
8.826994180679321
9.010824203491211
8.874735832214355
9.051803588867188
8.916487455368042
9.104214191436768
11.2223060131073
12.776677131652832
10.554377794265747
10.773647546768188
9.695805549621582
9.788341760635376
9.576089143753052
9.69497537612915
9.507093906402588
9.69554352760315
9.549988031387329
9.698841094970703
9.290642738342285
9.486448764801025
9.353433609008789
9.5524320602417
9.442537307739258
9.6236252784729
