0, 1727, 14, 260
1, 1205, 27, 476
2, 846, 17, 455
3, 940, 32, 826
4, 292, 45, 240
5, 1383, 61, 457
6, 1184, 51, 903
7, 1372, 96, 367
8, 1389, 37, 302
9, 655, 47, 560
10, 752, 33, 943
11, 127, 73, 303
12, 1113, 6, 173
13, 1982, 84, 919
14, 1444, 43, 864
15, 1952, 21, 474
16, 742, 92, 472
17, 1587, 26, 105
18, 461, 37, 649
19, 478, 39, 866
20, 1013, 90, 962
21, 189, 46, 497
22, 1417, 54, 887
23, 1263, 13, 372
24, 1493, 80, 847
25, 386, 95, 718
26, 609, 8, 991
27, 1590, 57, 50
28, 1009, 50, 489
29, 69, 43, 288
30, 819, 61, 762
31, 396, 60, 333
32, 1568, 49, 988
33, 574, 74, 434
34, 627, 72, 461
35, 1668, 99, 638
36, 1888, 6, 71
37, 1339, 86, 536
38, 123, 7, 562
39, 15, 17, 837
40, 631, 55, 664
41, 1724, 20, 288
42, 483, 5, 176
43, 726, 90, 218
44, 415, 66, 378
45, 37, 57, 222
46, 1255, 29, 403
47, 590, 56, 329
48, 373, 38, 93
49, 740, 99, 280
50, 1772, 80, 200
51, 1166, 35, 867
52, 165, 69, 250
53, 1737, 83, 817
54, 503, 28, 721
55, 213, 50, 343
56, 1756, 3, 978
57, 541, 92, 369
58, 419, 90, 320
59, 607, 1, 695
60, 707, 17, 131
61, 595, 23, 994
62, 116, 42, 187
63, 1807, 14, 270
64, 924, 69, 790
65, 194, 80, 413
66, 1172, 63, 284
67, 815, 70, 71
68, 356, 87, 912
69, 1820, 21, 748
70, 705, 85, 946
71, 1354, 21, 160
72, 1260, 42, 451
73, 944, 5, 57
74, 1226, 67, 616
75, 435, 45, 141
76, 1100, 56, 800
77, 163, 47, 509
78, 1661, 83, 705
79, 824, 76, 209
80, 718, 32, 667
81, 1606, 28, 243
82, 1623, 49, 302
83, 87, 0, 598
84, 443, 49, 979
85, 713, 35, 155
86, 126, 29, 598
87, 1801, 92, 430
88, 589, 9, 188
89, 516, 81, 59
90, 598, 40, 831
91, 1332, 5, 690
92, 1386, 29, 251
93, 333, 18, 656
94, 838, 24, 726
95, 818, 75, 910
96, 417, 24, 383
97, 477, 8, 516
98, 1614, 49, 936
99, 184, 72, 7
100, 955, 14, 630
101, 437, 10, 799
102, 1633, 88, 882
103, 1370, 96, 301
104, 1976, 54, 419
105, 1814, 64, 616
106, 161, 12, 693
107, 402, 14, 314
108, 1468, 28, 306
109, 934, 6, 566
110, 1827, 80, 983
111, 1400, 13, 477
112, 125, 82, 717
113, 1445, 2, 71
114, 1431, 32, 983
115, 1812, 45, 167
116, 915, 95, 134
117, 551, 88, 906
118, 1468, 64, 800
119, 1191, 43, 100
120, 1667, 6, 994
121, 771, 53, 745
122, 119, 7, 608
123, 1120, 58, 733
124, 1665, 96, 134
125, 1298, 36, 927
126, 1398, 89, 437
127, 355, 89, 1
128, 1897, 28, 537
129, 1307, 26, 656
130, 1181, 27, 268
131, 1772, 20, 428
132, 882, 93, 198
133, 291, 61, 94
134, 1012, 96, 63
135, 1658, 93, 39
136, 759, 62, 460
137, 810, 20, 680
138, 1107, 84, 841
139, 767, 29, 847
140, 1881, 79, 565
141, 743, 45, 549
142, 1299, 78, 656
143, 1468, 29, 201
144, 1262, 24, 615
145, 1245, 40, 231
146, 43, 92, 727
147, 1506, 28, 251
148, 663, 2, 402
149, 1071, 92, 908
150, 332, 51, 358
151, 316, 74, 621
152, 618, 13, 982
153, 631, 25, 862
154, 1153, 18, 959
155, 913, 6, 718
156, 1077, 53, 16
157, 1244, 45, 923
158, 1535, 19, 159
159, 1053, 9, 466
160, 369, 26, 825
161, 521, 99, 303
162, 1644, 8, 918
163, 1271, 97, 41
164, 1972, 43, 836
165, 817, 49, 197
166, 359, 33, 476
167, 1638, 9, 59
168, 212, 20, 683
169, 808, 98, 901
170, 13, 38, 18
171, 198, 18, 959
172, 370, 36, 180
173, 564, 26, 520
174, 571, 72, 57
175, 335, 74, 442
176, 1740, 37, 205
177, 1611, 55, 672
178, 1965, 21, 634
179, 1373, 81, 108
180, 726, 70, 857
181, 1742, 60, 867
182, 1082, 81, 89
183, 483, 78, 342
184, 1230, 11, 278
185, 250, 40, 14
186, 929, 90, 656
187, 1953, 67, 647
188, 336, 45, 925
189, 71, 20, 743
190, 1132, 84, 445
191, 124, 42, 22
192, 918, 82, 964
193, 1921, 26, 284
194, 1192, 69, 113
195, 309, 44, 329
196, 1101, 28, 748
197, 188, 24, 80
198, 183, 47, 741
199, 1691, 40, 564
200, 237, 6, 506
201, 315, 13, 571
202, 538, 79, 154
203, 882, 10, 125
204, 112, 95, 373
205, 1657, 28, 537
206, 1990, 3, 764
207, 990, 80, 436
208, 1653, 94, 891
209, 1401, 94, 124
210, 1418, 41, 843
211, 241, 26, 495
212, 553, 64, 696
213, 991, 56, 316
214, 290, 6, 960
215, 1816, 90, 251
216, 298, 12, 532
217, 761, 10, 582
218, 1459, 50, 391
219, 1308, 60, 838
220, 1409, 34, 504
221, 1232, 19, 161
222, 1548, 98, 957
223, 253, 34, 369
224, 226, 83, 709
225, 320, 20, 715
226, 1773, 69, 240
227, 434, 10, 306
228, 1034, 93, 793
229, 1551, 85, 554
230, 718, 74, 303
231, 323, 61, 671
232, 1948, 65, 335
233, 1249, 34, 519
234, 248, 14, 806
235, 1040, 3, 999
236, 1921, 40, 953
237, 1745, 46, 846
238, 272, 57, 864
239, 963, 13, 866
240, 1156, 23, 646
241, 1764, 1, 561
242, 349, 57, 736
243, 1129, 36, 32
244, 974, 90, 450
245, 1391, 69, 963
246, 528, 82, 356
247, 55, 55, 271
248, 1755, 68, 46
249, 1825, 8, 217
250, 1443, 27, 383
251, 1744, 45, 517
252, 834, 19, 221
253, 1379, 64, 667
254, 72, 63, 555
255, 1035, 29, 781
256, 1346, 63, 888
257, 578, 12, 296
258, 1046, 21, 945
259, 1945, 64, 255
260, 854, 37, 568
261, 1527, 55, 672
262, 842, 66, 357
263, 1324, 45, 215
264, 1151, 28, 485
265, 1685, 32, 444
266, 1825, 32, 914
267, 1484, 87, 927
268, 17, 32, 87
269, 1801, 21, 801
270, 1478, 59, 422
271, 1548, 59, 328
272, 1428, 64, 312
273, 1736, 13, 514
274, 1684, 15, 451
275, 771, 92, 524
276, 513, 95, 532
277, 1834, 16, 139
278, 353, 65, 619
279, 893, 93, 710
280, 974, 31, 767
281, 412, 5, 387
282, 1228, 69, 502
283, 1911, 71, 338
284, 1791, 84, 42
285, 1371, 93, 521
286, 797, 94, 466
287, 802, 80, 169
288, 114, 24, 857
289, 20, 10, 320
290, 992, 85, 262
291, 1639, 89, 124
292, 606, 8, 828
293, 783, 40, 718
294, 262, 51, 396
295, 834, 39, 265
296, 368, 57, 96
297, 1987, 55, 38
298, 433, 56, 994
299, 626, 9, 547
300, 571, 62, 289
301, 109, 98, 166
302, 642, 97, 725
303, 1413, 62, 812
304, 34, 32, 647
305, 1010, 25, 788
306, 184, 15, 201
307, 1721, 73, 253
308, 1021, 60, 506
309, 1579, 60, 74
310, 1359, 39, 440
311, 1205, 39, 390
312, 941, 56, 587
313, 1944, 46, 88
314, 59, 31, 702
315, 1262, 44, 120
316, 1428, 90, 833
317, 340, 80, 569
318, 1912, 14, 886
319, 286, 63, 527
320, 1518, 51, 981
321, 1088, 39, 510
322, 1111, 76, 580
323, 1528, 64, 92
324, 813, 27, 562
325, 1572, 58, 112
326, 223, 5, 247
327, 1567, 45, 825
328, 412, 42, 244
329, 1671, 96, 898
330, 1637, 91, 738
331, 1422, 29, 974
332, 1659, 10, 380
333, 1175, 3, 875
334, 1298, 11, 894
335, 1864, 16, 495
336, 491, 41, 542
337, 28, 85, 89
338, 72, 4, 534
339, 872, 51, 840
340, 1502, 27, 967
341, 943, 96, 426
342, 1560, 76, 624
343, 1819, 90, 808
344, 133, 12, 999
345, 655, 78, 29
346, 1083, 29, 516
347, 1505, 46, 450
348, 1982, 35, 406
349, 1595, 66, 518
350, 1155, 89, 60
351, 1372, 14, 563
352, 1249, 20, 126
353, 899, 62, 871
354, 758, 30, 119
355, 1768, 19, 253
356, 207, 73, 294
357, 401, 74, 905
358, 911, 24, 915
359, 849, 97, 650
360, 47, 24, 390
361, 1645, 34, 163
362, 41, 0, 509
363, 1595, 55, 67
364, 1742, 60, 748
365, 1222, 17, 618
366, 1632, 45, 975
367, 1923, 38, 568
368, 1753, 25, 281
369, 1012, 10, 463
370, 1326, 11, 982
371, 1275, 18, 58
372, 768, 78, 280
373, 673, 72, 592
374, 183, 40, 718
375, 1292, 30, 106
376, 850, 11, 989
377, 319, 61, 741
378, 890, 68, 156
379, 428, 28, 686
380, 105, 62, 719
381, 1932, 11, 763
382, 1948, 86, 903
383, 279, 64, 426
384, 1433, 86, 706
385, 1050, 64, 661
386, 1258, 88, 811
387, 1379, 26, 410
388, 801, 18, 259
389, 259, 12, 655
390, 435, 20, 914
391, 852, 95, 552
392, 837, 91, 376
393, 481, 58, 357
394, 1321, 8, 137
395, 1430, 39, 592
396, 1087, 89, 844
397, 516, 16, 608
398, 666, 23, 883
399, 1281, 95, 416
400, 1209, 97, 204
401, 1844, 95, 882
402, 967, 84, 549
403, 960, 74, 501
404, 881, 68, 865
405, 797, 71, 863
406, 904, 67, 543
407, 867, 47, 656
408, 432, 81, 171
409, 1842, 0, 924
410, 561, 84, 74
411, 154, 2, 399
412, 1279, 72, 222
413, 306, 15, 85
414, 734, 20, 588
415, 1595, 38, 80
416, 1665, 22, 507
417, 1599, 80, 326
418, 191, 54, 884
419, 1876, 71, 103
420, 590, 6, 350
421, 677, 36, 956
422, 1560, 61, 875
423, 530, 48, 224
424, 1850, 83, 120
425, 415, 27, 308
426, 384, 98, 248
427, 267, 2, 912
428, 1482, 64, 177
429, 157, 48, 353
430, 363, 42, 983
431, 1423, 33, 894
432, 535, 56, 123
433, 649, 65, 284
434, 1966, 81, 751
435, 97, 36, 758
436, 602, 46, 102
437, 1457, 35, 877
438, 1447, 98, 54
439, 1036, 0, 261
440, 1867, 85, 35
441, 1334, 34, 199
442, 1503, 20, 842
443, 1769, 8, 225
444, 1615, 3, 319
445, 986, 50, 408
446, 1941, 17, 485
447, 629, 56, 656
448, 580, 92, 647
449, 16, 74, 717
450, 528, 39, 254
451, 1176, 96, 936
452, 1363, 46, 283
453, 996, 58, 989
454, 601, 55, 223
455, 937, 0, 846
456, 1322, 11, 329
457, 1732, 61, 509
458, 570, 87, 720
459, 678, 39, 767
460, 780, 73, 70
461, 670, 77, 825
462, 1984, 20, 774
463, 1096, 41, 139
464, 1055, 88, 963
465, 768, 87, 539
466, 672, 13, 88
467, 475, 2, 138
468, 1273, 10, 250
469, 1782, 30, 44
470, 1857, 19, 47
471, 1283, 57, 470
472, 463, 85, 147
473, 1174, 0, 256
474, 1486, 5, 136
475, 1891, 34, 48
476, 1202, 10, 624
477, 1231, 60, 799
478, 622, 20, 369
479, 480, 5, 454
480, 1199, 28, 794
481, 1959, 39, 215
482, 890, 8, 805
483, 1115, 43, 833
484, 603, 80, 181
485, 1116, 22, 149
486, 1842, 82, 436
487, 116, 31, 509
488, 1217, 20, 951
489, 410, 65, 259
490, 1925, 26, 203
491, 1346, 93, 585
492, 784, 9, 608
493, 83, 70, 11
494, 147, 30, 613
495, 1016, 71, 942
496, 669, 23, 207
497, 1235, 90, 498
498, 1737, 34, 604
499, 729, 10, 707
500, 121, 43, 705
501, 1595, 70, 33
502, 1600, 23, 199
503, 837, 48, 847
504, 1911, 3, 351
505, 1773, 81, 606
506, 1819, 74, 224
507, 1509, 0, 104
508, 262, 41, 611
509, 1806, 80, 295
510, 1539, 17, 914
511, 1208, 54, 695
512, 1743, 74, 862
513, 306, 42, 919
514, 281, 4, 52
515, 1464, 2, 710
516, 1443, 39, 145
517, 1912, 40, 506
518, 351, 94, 430
519, 1023, 92, 185
520, 762, 86, 318
521, 1438, 26, 658
522, 619, 4, 414
523, 572, 58, 394
524, 1027, 47, 419
525, 1943, 57, 197
526, 1249, 89, 487
527, 1147, 94, 305
528, 285, 54, 459
529, 256, 65, 862
530, 1444, 88, 454
531, 697, 39, 375
532, 695, 53, 145
533, 681, 29, 288
534, 1346, 82, 297
535, 1197, 23, 579
536, 417, 31, 25
537, 233, 41, 178
538, 737, 83, 430
539, 1242, 55, 716
540, 1207, 48, 836
541, 498, 76, 893
542, 1346, 4, 868
543, 425, 42, 495
544, 110, 45, 152
545, 1659, 16, 73
546, 904, 20, 233
547, 1933, 16, 203
548, 1541, 52, 67
549, 565, 0, 638
550, 1612, 20, 456
551, 1847, 16, 640
552, 1587, 41, 722
553, 460, 65, 623
554, 1689, 9, 966
555, 1184, 46, 750
556, 1536, 47, 290
557, 1766, 24, 49
558, 1591, 19, 64
559, 1213, 63, 88
560, 170, 49, 107
561, 882, 84, 249
562, 782, 56, 100
563, 1061, 41, 984
564, 1550, 93, 652
565, 879, 64, 837
566, 1458, 16, 458
567, 1431, 98, 414
568, 216, 91, 822
569, 869, 29, 882
570, 1213, 74, 989
571, 1200, 34, 842
572, 1135, 16, 201
573, 696, 30, 970
574, 613, 21, 819
575, 96, 19, 481
576, 297, 58, 85
577, 992, 76, 801
578, 1796, 51, 606
579, 1476, 41, 388
580, 480, 1, 246
581, 1774, 65, 190
582, 726, 78, 550
583, 1127, 94, 571
584, 54, 44, 264
585, 848, 37, 396
586, 1034, 36, 789
587, 426, 39, 913
588, 84, 89, 739
589, 1997, 69, 435
590, 448, 69, 781
591, 619, 21, 80
592, 1346, 19, 211
593, 276, 68, 137
594, 1139, 6, 448
595, 1418, 88, 916
596, 186, 50, 566
597, 1511, 19, 787
598, 1868, 90, 885
599, 544, 91, 157
600, 679, 89, 411
601, 381, 40, 441
602, 43, 32, 587
603, 1393, 33, 301
604, 1549, 88, 12
605, 1563, 28, 109
606, 138, 27, 924
607, 1704, 91, 338
608, 476, 29, 136
609, 1884, 83, 148
610, 664, 94, 929
611, 1002, 65, 37
612, 189, 93, 959
613, 1535, 5, 733
614, 71, 81, 837
615, 1147, 47, 16
616, 1569, 76, 850
617, 1111, 6, 255
618, 155, 89, 680
619, 1605, 22, 911
620, 74, 6, 55
621, 1880, 66, 977
622, 1560, 72, 513
623, 1712, 98, 972
624, 767, 50, 903
625, 596, 44, 130
626, 223, 89, 143
627, 1156, 92, 886
628, 1704, 16, 948
629, 1981, 86, 631
630, 780, 58, 614
631, 1794, 84, 619
632, 1419, 11, 626
633, 444, 11, 811
634, 294, 84, 226
635, 394, 36, 873
636, 602, 9, 857
637, 456, 24, 985
638, 860, 48, 995
639, 685, 30, 581
640, 1603, 18, 964
641, 426, 43, 469
642, 545, 84, 396
643, 811, 29, 570
644, 27, 52, 546
645, 1877, 18, 361
646, 909, 82, 216
647, 15, 71, 443
648, 1950, 78, 934
649, 1019, 5, 836
650, 1432, 41, 450
651, 1903, 60, 684
652, 1486, 1, 957
653, 1138, 76, 341
654, 1323, 38, 49
655, 457, 99, 769
656, 1086, 64, 435
657, 1453, 69, 262
658, 717, 97, 174
659, 879, 86, 953
660, 708, 95, 778
661, 1486, 21, 605
662, 638, 89, 98
663, 315, 9, 357
664, 960, 71, 393
665, 1520, 33, 420
666, 1036, 4, 896
667, 1718, 7, 26
668, 468, 57, 277
669, 1515, 59, 249
670, 1464, 7, 490
671, 1004, 49, 79
672, 42, 69, 615
673, 1896, 3, 552
674, 1835, 66, 332
675, 1058, 95, 304
676, 291, 3, 786
677, 844, 33, 516
678, 483, 87, 723
679, 368, 38, 919
680, 1722, 59, 103
681, 537, 17, 357
682, 1084, 44, 425
683, 754, 40, 60
684, 1421, 26, 359
685, 1032, 68, 685
686, 1989, 5, 368
687, 800, 19, 507
688, 796, 62, 500
689, 1882, 37, 587
690, 1049, 11, 255
691, 1702, 77, 83
692, 168, 88, 644
693, 1765, 91, 137
694, 1519, 24, 476
695, 1975, 28, 455
696, 1411, 65, 475
697, 436, 14, 873
698, 534, 52, 511
699, 1635, 58, 508
700, 535, 14, 188
701, 1679, 13, 602
702, 1720, 84, 816
703, 1216, 64, 931
704, 716, 41, 685
705, 1921, 12, 849
706, 1266, 11, 885
707, 381, 1, 281
708, 147, 97, 980
709, 623, 99, 739
710, 597, 97, 923
711, 1113, 67, 697
712, 769, 14, 1
713, 654, 23, 344
714, 805, 21, 544
715, 395, 6, 739
716, 1682, 82, 514
717, 1925, 92, 410
718, 755, 63, 90
719, 691, 60, 757
720, 227, 48, 365
721, 1769, 11, 844
722, 1009, 15, 183
723, 1559, 57, 967
724, 2, 90, 109
725, 1087, 86, 590
726, 1065, 73, 41
727, 1665, 99, 220
728, 126, 3, 405
729, 1316, 3, 461
730, 515, 69, 484
731, 1051, 54, 924
732, 1934, 47, 106
733, 880, 50, 384
734, 1626, 3, 334
735, 1733, 91, 262
736, 743, 15, 616
737, 1825, 4, 85
738, 1073, 20, 931
739, 1302, 74, 754
740, 1174, 66, 612
741, 811, 10, 2
742, 1231, 65, 620
743, 1446, 23, 93
744, 1311, 49, 49
745, 1364, 22, 313
746, 1292, 29, 994
747, 629, 30, 829
748, 1497, 92, 49
749, 6, 97, 739
750, 432, 42, 844
751, 1198, 87, 387
752, 1952, 21, 762
753, 901, 29, 6
754, 1823, 88, 274
755, 204, 66, 640
756, 494, 97, 866
757, 1512, 13, 225
758, 218, 6, 924
759, 1060, 38, 913
760, 301, 3, 353
761, 1916, 87, 452
762, 1165, 6, 259
763, 123, 97, 524
764, 1925, 41, 234
765, 1771, 14, 174
766, 40, 57, 226
767, 1351, 33, 371
768, 1365, 23, 726
769, 227, 91, 975
770, 1701, 65, 578
771, 1562, 94, 359
772, 377, 86, 717
773, 987, 15, 69
774, 1502, 89, 952
775, 612, 37, 21
776, 1488, 14, 657
777, 617, 6, 362
778, 352, 27, 621
779, 1646, 16, 798
780, 1871, 84, 945
781, 1686, 26, 467
782, 951, 69, 617
783, 331, 43, 51
784, 207, 10, 943
785, 1946, 83, 851
786, 863, 35, 868
787, 641, 68, 12
788, 727, 26, 679
789, 795, 99, 550
790, 1597, 57, 609
791, 159, 22, 217
792, 1038, 22, 420
793, 376, 91, 299
794, 624, 12, 840
795, 1167, 69, 929
796, 1241, 59, 185
797, 1404, 89, 394
798, 656, 4, 416
799, 739, 87, 631
800, 1428, 73, 537
801, 357, 4, 675
802, 1401, 73, 62
803, 356, 37, 125
804, 935, 34, 948
805, 1020, 14, 223
806, 1548, 11, 53
807, 526, 74, 832
808, 320, 95, 191
809, 759, 48, 553
810, 1003, 52, 43
811, 1520, 8, 850
812, 944, 50, 414
813, 1154, 41, 181
814, 694, 87, 398
815, 104, 94, 686
816, 1068, 67, 248
817, 1300, 29, 641
818, 1743, 75, 400
819, 900, 55, 294
820, 793, 88, 295
821, 164, 89, 497
822, 734, 0, 981
823, 1355, 75, 800
824, 1500, 4, 459
825, 1140, 26, 845
826, 1338, 51, 343
827, 1715, 89, 359
828, 821, 69, 674
829, 78, 47, 78
830, 173, 97, 394
831, 1188, 48, 614
832, 1374, 20, 15
833, 562, 35, 230
834, 314, 44, 635
835, 18, 80, 582
836, 1245, 5, 340
837, 681, 34, 302
838, 711, 57, 199
839, 1200, 50, 144
840, 1274, 72, 901
841, 1243, 32, 313
842, 985, 47, 666
843, 1064, 43, 733
844, 407, 71, 83
845, 1957, 13, 502
846, 648, 62, 22
847, 512, 37, 402
848, 483, 16, 730
849, 1966, 28, 243
850, 1273, 77, 836
851, 1983, 63, 346
852, 1025, 3, 855
853, 1441, 96, 102
854, 1257, 17, 307
855, 1526, 93, 451
856, 1027, 37, 185
857, 700, 85, 118
858, 1941, 86, 708
859, 578, 17, 666
860, 1045, 27, 907
861, 973, 39, 599
862, 1451, 44, 359
863, 790, 41, 146
864, 1857, 65, 995
865, 406, 97, 619
866, 1796, 67, 100
867, 1198, 61, 7
868, 1702, 63, 203
869, 1343, 9, 868
870, 1802, 49, 577
871, 1734, 52, 689
872, 1916, 31, 593
873, 1426, 56, 686
874, 40, 9, 748
875, 66, 12, 844
876, 1152, 62, 773
877, 220, 61, 58
878, 154, 65, 661
879, 47, 87, 427
880, 335, 1, 343
881, 550, 48, 526
882, 1113, 0, 427
883, 1951, 5, 52
884, 1466, 39, 379
885, 27, 82, 824
886, 1515, 50, 984
887, 1355, 19, 878
888, 1102, 52, 10
889, 44, 14, 995
890, 1197, 29, 210
891, 169, 49, 711
892, 582, 66, 358
893, 1783, 15, 505
894, 1575, 41, 760
895, 710, 34, 362
896, 1575, 12, 161
897, 1853, 81, 694
898, 1043, 14, 215
899, 85, 54, 173
900, 1646, 69, 634
901, 282, 62, 397
902, 1201, 18, 975
903, 349, 57, 696
904, 401, 82, 982
905, 1031, 86, 429
906, 1986, 33, 846
907, 410, 10, 761
908, 1159, 35, 112
909, 1762, 15, 612
910, 1830, 27, 0
911, 1618, 82, 268
912, 1438, 85, 605
913, 1927, 0, 389
914, 1340, 33, 720
915, 752, 92, 832
916, 481, 49, 694
917, 304, 12, 557
918, 1614, 45, 287
919, 438, 6, 28
920, 91, 38, 402
921, 688, 4, 742
922, 1584, 25, 599
923, 1012, 90, 480
924, 1379, 36, 823
925, 869, 1, 63
926, 1243, 9, 595
927, 766, 42, 560
928, 541, 49, 981
929, 627, 11, 252
930, 34, 80, 382
931, 1939, 82, 522
932, 882, 70, 112
933, 1173, 8, 479
934, 1752, 75, 254
935, 1984, 25, 737
936, 52, 50, 953
937, 1525, 70, 777
938, 1763, 28, 484
939, 1403, 3, 561
940, 617, 91, 223
941, 1204, 45, 986
942, 1626, 58, 866
943, 1220, 7, 706
944, 1610, 9, 999
945, 1549, 60, 876
946, 1646, 39, 8
947, 1422, 24, 538
948, 1377, 36, 629
949, 780, 82, 918
950, 1792, 16, 884
951, 804, 10, 850
952, 1492, 11, 597
953, 708, 60, 677
954, 1512, 94, 677
955, 383, 62, 370
956, 345, 20, 867
957, 1797, 63, 870
958, 965, 66, 572
959, 860, 62, 937
960, 1407, 80, 484
961, 180, 68, 567
962, 1886, 65, 214
963, 1955, 53, 396
964, 301, 34, 295
965, 1676, 69, 388
966, 779, 30, 201
967, 459, 7, 175
968, 1602, 63, 452
969, 474, 43, 62
970, 1033, 65, 250
971, 1282, 7, 136
972, 98, 49, 591
973, 46, 37, 478
974, 752, 25, 792
975, 1905, 45, 160
976, 1857, 57, 609
977, 1444, 97, 575
978, 1755, 55, 24
979, 1572, 69, 206
980, 1686, 68, 867
981, 1994, 68, 650
982, 252, 70, 228
983, 560, 26, 908
984, 950, 87, 616
985, 1412, 25, 924
986, 369, 87, 810
987, 214, 19, 802
988, 803, 19, 310
989, 1683, 3, 866
990, 1392, 81, 70
991, 1020, 30, 256
992, 681, 48, 233
993, 1260, 76, 309
994, 1394, 39, 332
995, 1283, 43, 957
996, 252, 41, 956
997, 28, 27, 442
998, 311, 46, 189
999, 1275, 96, 150
1000, 1400, 53, 580
1001, 1136, 77, 704
1002, 29, 25, 252
1003, 1515, 72, 531
1004, 445, 41, 476
1005, 1659, 33, 973
1006, 502, 68, 549
1007, 854, 97, 203
1008, 461, 5, 95
1009, 1128, 94, 227
1010, 1694, 25, 962
1011, 1232, 87, 472
1012, 1997, 74, 661
1013, 1703, 94, 644
1014, 686, 91, 242
1015, 198, 35, 916
1016, 1261, 50, 981
1017, 1196, 80, 709
1018, 921, 45, 576
1019, 644, 24, 346
1020, 286, 39, 283
1021, 138, 18, 951
1022, 1752, 66, 165
1023, 1992, 37, 33
1024, 1894, 42, 663
1025, 663, 94, 450
1026, 1595, 47, 82
1027, 941, 80, 243
1028, 954, 16, 130
1029, 17, 31, 594
1030, 422, 62, 437
1031, 1083, 96, 739
1032, 1168, 59, 486
1033, 1525, 89, 868
1034, 1038, 8, 518
1035, 690, 59, 468
1036, 1478, 39, 449
1037, 1255, 14, 123
1038, 1543, 59, 333
1039, 1741, 15, 431
1040, 475, 96, 765
1041, 213, 35, 899
1042, 1060, 12, 811
1043, 1932, 82, 140
1044, 1553, 21, 743
1045, 830, 83, 959
1046, 1858, 34, 427
1047, 1027, 4, 729
1048, 486, 7, 42
1049, 152, 75, 766
1050, 1450, 31, 700
1051, 1542, 73, 487
1052, 1764, 47, 384
1053, 1927, 24, 177
1054, 905, 26, 557
1055, 1630, 57, 945
1056, 420, 2, 452
1057, 1473, 42, 424
1058, 1797, 7, 501
1059, 782, 97, 376
1060, 195, 66, 335
1061, 262, 10, 891
1062, 1974, 40, 77
1063, 263, 66, 946
1064, 1719, 70, 765
1065, 1412, 46, 565
1066, 358, 85, 587
1067, 146, 17, 177
1068, 1817, 64, 243
1069, 1839, 48, 691
1070, 448, 46, 93
1071, 213, 18, 663
1072, 1944, 64, 712
1073, 1943, 21, 611
1074, 1433, 40, 767
1075, 1429, 83, 246
1076, 703, 97, 613
1077, 924, 73, 296
1078, 277, 37, 594
1079, 1665, 58, 53
1080, 1227, 7, 218
1081, 677, 9, 250
1082, 96, 30, 722
1083, 152, 62, 6
1084, 1668, 3, 926
1085, 806, 93, 595
1086, 1423, 11, 859
1087, 1354, 15, 468
1088, 1182, 8, 3
1089, 374, 64, 125
1090, 1275, 47, 433
1091, 594, 29, 202
1092, 596, 23, 60
1093, 1639, 98, 568
1094, 338, 95, 658
1095, 1243, 59, 54
1096, 1177, 30, 117
1097, 1257, 56, 239
1098, 1298, 88, 513
1099, 9, 9, 236
1100, 1299, 67, 69
1101, 63, 79, 218
1102, 1643, 4, 264
1103, 407, 27, 151
1104, 1166, 91, 802
1105, 411, 15, 359
1106, 360, 2, 786
1107, 1206, 69, 442
1108, 1058, 10, 674
1109, 732, 55, 43
1110, 1873, 35, 36
1111, 1614, 73, 620
1112, 792, 90, 273
1113, 493, 47, 78
1114, 1992, 33, 646
1115, 470, 36, 177
1116, 408, 96, 300
1117, 481, 73, 698
1118, 1238, 91, 843
1119, 758, 90, 797
1120, 15, 71, 913
1121, 322, 81, 660
1122, 1978, 74, 114
1123, 116, 19, 731
1124, 744, 24, 392
1125, 1489, 72, 116
1126, 54, 75, 319
1127, 148, 63, 684
1128, 81, 47, 522
1129, 159, 84, 503
1130, 1310, 78, 106
1131, 1681, 83, 611
1132, 1088, 24, 549
1133, 1010, 39, 125
1134, 5, 63, 371
1135, 1664, 18, 580
1136, 1882, 50, 257
1137, 347, 10, 164
1138, 974, 58, 40
1139, 1613, 80, 820
1140, 1206, 93, 171
1141, 763, 36, 964
1142, 1828, 40, 84
1143, 294, 25, 331
1144, 283, 96, 571
1145, 1197, 48, 244
1146, 1406, 9, 388
1147, 1099, 17, 598
1148, 1692, 81, 884
1149, 167, 48, 442
1150, 1147, 52, 528
1151, 1008, 56, 761
1152, 628, 44, 904
1153, 289, 29, 74
1154, 1006, 49, 987
1155, 1681, 37, 121
1156, 1548, 55, 381
1157, 192, 99, 836
1158, 1182, 99, 649
1159, 77, 45, 95
1160, 1005, 29, 376
1161, 1252, 46, 184
1162, 149, 91, 20
1163, 374, 11, 632
1164, 267, 43, 109
1165, 1125, 91, 965
1166, 283, 46, 665
1167, 1213, 42, 961
1168, 1959, 72, 800
1169, 724, 69, 109
1170, 1174, 91, 44
1171, 244, 0, 0
1172, 136, 29, 307
1173, 485, 81, 446
1174, 345, 32, 622
1175, 339, 5, 198
1176, 559, 64, 469
1177, 626, 65, 618
1178, 1998, 97, 88
1179, 244, 83, 47
1180, 460, 30, 603
1181, 82, 37, 863
1182, 697, 36, 862
1183, 611, 49, 251
1184, 858, 55, 149
1185, 384, 34, 889
1186, 1042, 20, 746
1187, 1877, 38, 591
1188, 1755, 86, 768
1189, 415, 97, 812
1190, 1287, 89, 451
1191, 1714, 94, 788
1192, 1064, 99, 372
1193, 819, 93, 694
1194, 884, 74, 593
1195, 230, 1, 705
1196, 1072, 69, 937
1197, 1827, 1, 777
1198, 1880, 21, 703
1199, 1034, 80, 323
1200, 707, 31, 267
1201, 450, 48, 943
1202, 205, 13, 156
1203, 1032, 85, 770
1204, 1971, 38, 999
1205, 1749, 67, 518
1206, 332, 58, 655
1207, 483, 6, 672
1208, 544, 31, 225
1209, 982, 17, 956
1210, 1363, 66, 38
1211, 1309, 25, 402
1212, 901, 75, 396
1213, 366, 54, 517
1214, 1932, 53, 962
1215, 1499, 71, 408
1216, 171, 48, 597
1217, 1081, 98, 79
1218, 915, 38, 714
1219, 1484, 99, 96
1220, 1153, 61, 292
1221, 27, 41, 615
1222, 651, 84, 361
1223, 1680, 78, 574
1224, 1741, 66, 704
1225, 392, 77, 357
1226, 407, 55, 886
1227, 523, 78, 904
1228, 1068, 13, 518
1229, 217, 32, 923
1230, 1752, 84, 535
1231, 481, 8, 590
1232, 873, 89, 31
1233, 465, 48, 484
1234, 1151, 34, 331
1235, 212, 35, 990
1236, 196, 72, 51
1237, 1207, 68, 16
1238, 1513, 4, 50
1239, 449, 71, 13
1240, 1593, 25, 757
1241, 1030, 68, 444
1242, 394, 91, 305
1243, 450, 39, 345
1244, 978, 29, 84
1245, 184, 81, 159
1246, 112, 13, 407
1247, 325, 76, 563
1248, 820, 35, 91
1249, 425, 29, 447
1250, 1165, 71, 342
1251, 1026, 30, 778
1252, 827, 34, 406
1253, 1791, 55, 195
1254, 296, 40, 968
1255, 1041, 44, 74
1256, 330, 50, 490
1257, 927, 98, 946
1258, 73, 88, 71
1259, 931, 56, 59
1260, 906, 92, 16
1261, 1522, 83, 89
1262, 1255, 47, 376
1263, 1904, 25, 181
1264, 1028, 67, 118
1265, 1934, 77, 890
1266, 952, 59, 548
1267, 1126, 75, 473
1268, 1062, 76, 594
1269, 248, 9, 96
1270, 668, 9, 691
1271, 858, 97, 98
1272, 311, 66, 612
1273, 1919, 7, 768
1274, 1054, 61, 383
1275, 1439, 69, 482
1276, 560, 51, 743
1277, 940, 48, 658
1278, 49, 18, 505
1279, 1004, 0, 937
1280, 593, 87, 499
1281, 1709, 58, 622
1282, 1627, 36, 292
1283, 2, 29, 920
1284, 740, 59, 338
1285, 1912, 34, 434
1286, 1817, 33, 779
1287, 980, 13, 331
1288, 1977, 67, 565
1289, 1364, 77, 584
1290, 1383, 38, 304
1291, 952, 13, 373
1292, 918, 4, 131
1293, 1227, 91, 125
1294, 401, 47, 59
1295, 1426, 40, 117
1296, 642, 9, 134
1297, 1539, 49, 724
1298, 211, 54, 316
1299, 1656, 39, 109
1300, 133, 65, 561
1301, 36, 38, 674
1302, 1138, 49, 399
1303, 1256, 24, 915
1304, 375, 38, 138
1305, 955, 53, 107
1306, 381, 92, 642
1307, 367, 15, 432
1308, 650, 53, 64
1309, 389, 13, 498
1310, 1307, 50, 93
1311, 1756, 57, 854
1312, 510, 57, 929
1313, 1567, 5, 983
1314, 378, 96, 902
1315, 793, 62, 630
1316, 1545, 84, 332
1317, 1825, 15, 841
1318, 618, 59, 991
1319, 1666, 53, 782
1320, 1112, 32, 789
1321, 211, 74, 563
1322, 380, 4, 13
1323, 966, 60, 417
1324, 1869, 59, 26
1325, 703, 77, 523
1326, 659, 78, 375
1327, 1203, 73, 657
1328, 1533, 6, 537
1329, 1821, 22, 183
1330, 877, 19, 264
1331, 1799, 49, 567
1332, 1550, 0, 700
1333, 1254, 91, 673
1334, 917, 44, 849
1335, 329, 71, 203
1336, 1507, 44, 707
1337, 552, 75, 898
1338, 1361, 71, 296
1339, 959, 50, 662
1340, 349, 52, 452
1341, 47, 13, 755
1342, 779, 8, 767
1343, 113, 33, 4
1344, 119, 5, 714
1345, 1516, 15, 254
1346, 1862, 28, 25
1347, 723, 59, 735
1348, 1141, 75, 463
1349, 839, 15, 20
1350, 487, 82, 807
1351, 297, 23, 119
1352, 1233, 63, 679
1353, 1624, 71, 768
1354, 853, 99, 74
1355, 987, 21, 245
1356, 1962, 88, 154
1357, 1115, 99, 617
1358, 679, 25, 853
1359, 1312, 79, 262
1360, 371, 67, 133
1361, 377, 28, 478
1362, 785, 37, 738
1363, 223, 44, 660
1364, 1132, 95, 623
1365, 1418, 99, 202
1366, 1203, 54, 430
1367, 1305, 95, 727
1368, 1112, 77, 707
1369, 1808, 88, 935
1370, 166, 26, 867
1371, 891, 4, 970
1372, 1012, 38, 879
1373, 1367, 25, 16
1374, 1420, 15, 593
1375, 888, 8, 178
1376, 88, 51, 368
1377, 833, 55, 399
1378, 1098, 44, 545
1379, 1964, 71, 753
1380, 980, 74, 871
1381, 853, 8, 214
1382, 1340, 26, 615
1383, 1523, 96, 97
1384, 1617, 98, 597
1385, 1231, 11, 66
1386, 1550, 10, 291
1387, 1041, 92, 292
1388, 122, 52, 670
1389, 474, 62, 401
1390, 811, 36, 483
1391, 1812, 67, 807
1392, 1438, 1, 141
1393, 577, 66, 429
1394, 412, 65, 327
1395, 1900, 80, 910
1396, 1724, 80, 877
1397, 1486, 96, 721
1398, 1639, 3, 929
1399, 946, 64, 338
1400, 354, 9, 775
1401, 225, 64, 832
1402, 377, 50, 280
1403, 367, 7, 103
1404, 1451, 74, 828
1405, 1801, 55, 886
1406, 1657, 29, 665
1407, 108, 15, 682
1408, 748, 30, 617
1409, 56, 78, 167
1410, 1651, 27, 482
1411, 1951, 74, 311
1412, 419, 28, 218
1413, 1208, 55, 692
1414, 182, 83, 956
1415, 1151, 67, 520
1416, 980, 13, 220
1417, 436, 87, 365
1418, 307, 82, 59
1419, 1365, 73, 161
1420, 584, 2, 636
1421, 729, 90, 864
1422, 74, 47, 348
1423, 571, 45, 641
1424, 203, 85, 142
1425, 1731, 92, 456
1426, 970, 75, 91
1427, 1193, 1, 90
1428, 153, 66, 514
1429, 27, 33, 306
1430, 1421, 12, 975
1431, 562, 41, 433
1432, 1357, 12, 145
1433, 1925, 24, 168
1434, 614, 55, 107
1435, 1126, 94, 849
1436, 1039, 37, 224
1437, 1872, 75, 969
1438, 720, 37, 19
1439, 153, 26, 696
1440, 1585, 88, 671
1441, 782, 87, 65
1442, 621, 98, 616
1443, 1418, 33, 461
1444, 1053, 77, 962
1445, 1980, 0, 386
1446, 1360, 45, 345
1447, 1286, 26, 649
1448, 278, 30, 321
1449, 355, 53, 877
1450, 1967, 94, 504
1451, 115, 85, 906
1452, 1648, 26, 509
1453, 1300, 23, 514
1454, 1200, 31, 133
1455, 1841, 28, 895
1456, 918, 22, 882
1457, 1945, 55, 131
1458, 1655, 1, 122
1459, 1907, 32, 733
1460, 79, 38, 388
1461, 1407, 69, 552
1462, 1473, 27, 955
1463, 1428, 96, 495
1464, 1685, 33, 895
1465, 1306, 23, 108
1466, 344, 4, 264
1467, 989, 13, 803
1468, 1723, 85, 223
1469, 489, 11, 789
1470, 1933, 30, 210
1471, 28, 85, 321
1472, 673, 55, 184
1473, 1360, 35, 97
1474, 1875, 20, 343
1475, 1159, 74, 927
1476, 271, 50, 403
1477, 924, 3, 484
1478, 261, 57, 651
1479, 646, 71, 24
1480, 1299, 31, 119
1481, 1416, 73, 695
1482, 31, 20, 980
1483, 535, 87, 482
1484, 95, 36, 784
1485, 1238, 5, 3
1486, 1209, 54, 441
1487, 1427, 97, 822
1488, 443, 51, 142
1489, 81, 98, 595
1490, 1406, 46, 648
1491, 1382, 75, 777
1492, 1739, 55, 477
1493, 822, 42, 168
1494, 464, 85, 873
1495, 1285, 62, 329
1496, 1350, 26, 60
1497, 1787, 90, 543
1498, 1565, 94, 739
1499, 1776, 76, 307
1500, 428, 53, 636
1501, 783, 2, 950
1502, 522, 74, 738
1503, 960, 3, 273
1504, 362, 27, 440
1505, 1240, 20, 284
1506, 290, 97, 163
1507, 67, 55, 409
1508, 564, 2, 307
1509, 1572, 24, 390
1510, 787, 97, 973
1511, 1722, 34, 48
1512, 1094, 89, 194
1513, 1167, 41, 982
1514, 798, 4, 812
1515, 460, 98, 53
1516, 817, 12, 559
1517, 1947, 3, 542
1518, 1218, 17, 389
1519, 12, 39, 257
1520, 1622, 11, 407
1521, 1221, 37, 363
1522, 1355, 12, 984
1523, 1182, 44, 604
1524, 649, 53, 705
1525, 1451, 98, 854
1526, 132, 18, 150
1527, 1839, 30, 378
1528, 1804, 5, 532
1529, 1507, 4, 517
1530, 1246, 32, 952
1531, 539, 72, 948
1532, 1069, 81, 388
1533, 1023, 60, 823
1534, 452, 28, 888
1535, 305, 65, 315
1536, 1606, 74, 697
1537, 644, 5, 716
1538, 598, 58, 47
1539, 1785, 3, 415
1540, 281, 5, 340
1541, 49, 19, 707
1542, 21, 30, 908
1543, 46, 56, 301
1544, 1261, 20, 782
1545, 228, 68, 830
1546, 185, 99, 989
1547, 1759, 68, 711
1548, 816, 79, 607
1549, 1824, 35, 177
1550, 1317, 45, 476
1551, 1432, 92, 349
1552, 1938, 11, 872
1553, 1011, 69, 704
1554, 1548, 75, 624
1555, 1494, 54, 680
1556, 1203, 36, 142
1557, 1547, 58, 630
1558, 347, 34, 301
1559, 1216, 86, 439
1560, 1106, 22, 596
1561, 1904, 73, 362
1562, 10, 11, 907
1563, 1210, 91, 866
1564, 1658, 33, 899
1565, 644, 32, 773
1566, 824, 24, 527
1567, 427, 95, 820
1568, 1250, 2, 480
1569, 1695, 83, 735
1570, 1114, 27, 681
1571, 631, 86, 149
1572, 376, 35, 690
1573, 1023, 95, 760
1574, 1384, 88, 186
1575, 319, 17, 429
1576, 1650, 60, 520
1577, 1620, 35, 323
1578, 1628, 60, 441
1579, 924, 41, 860
1580, 202, 76, 915
1581, 1697, 51, 438
1582, 1504, 60, 562
1583, 1700, 77, 893
1584, 445, 59, 925
1585, 1029, 54, 109
1586, 939, 68, 762
1587, 1292, 77, 411
1588, 1463, 97, 870
1589, 562, 50, 508
1590, 1232, 42, 379
1591, 596, 78, 459
1592, 966, 75, 830
1593, 637, 98, 875
1594, 1915, 70, 679
1595, 1576, 79, 993
1596, 1024, 86, 684
1597, 1227, 92, 612
1598, 241, 6, 508
1599, 1771, 68, 951
1600, 554, 93, 890
1601, 52, 92, 65
1602, 1019, 39, 283
1603, 1303, 24, 575
1604, 144, 17, 739
1605, 265, 86, 489
1606, 1110, 12, 350
1607, 392, 5, 809
1608, 579, 41, 626
1609, 713, 12, 618
1610, 66, 40, 341
1611, 191, 23, 256
1612, 1883, 80, 0
1613, 649, 85, 617
1614, 1214, 11, 772
1615, 379, 53, 678
1616, 194, 26, 130
1617, 329, 66, 390
1618, 21, 51, 724
1619, 1850, 77, 839
1620, 257, 27, 469
1621, 858, 66, 35
1622, 1727, 12, 715
1623, 37, 52, 83
1624, 1826, 18, 7
1625, 1509, 90, 611
1626, 1182, 26, 826
1627, 434, 71, 797
1628, 1562, 99, 996
1629, 831, 22, 56
1630, 1691, 66, 970
1631, 1612, 61, 961
1632, 1370, 37, 114
1633, 1313, 96, 772
1634, 756, 47, 363
1635, 1750, 69, 593
1636, 570, 66, 425
1637, 1180, 10, 122
1638, 493, 80, 329
1639, 709, 63, 47
1640, 1578, 46, 538
1641, 1968, 27, 990
1642, 776, 3, 925
1643, 1108, 99, 767
1644, 974, 18, 122
1645, 1588, 19, 312
1646, 1611, 31, 317
1647, 601, 78, 396
1648, 1996, 86, 739
1649, 954, 92, 111
1650, 1429, 51, 528
1651, 381, 11, 258
1652, 876, 26, 57
1653, 242, 38, 648
1654, 1460, 69, 241
1655, 1665, 26, 171
1656, 1363, 21, 116
1657, 1686, 26, 646
1658, 862, 58, 998
1659, 884, 15, 778
1660, 661, 77, 439
1661, 925, 95, 836
1662, 1154, 36, 765
1663, 410, 17, 125
1664, 622, 74, 595
1665, 1777, 18, 654
1666, 98, 55, 403
1667, 64, 74, 39
1668, 1396, 75, 856
1669, 163, 81, 927
1670, 632, 57, 770
1671, 194, 60, 299
1672, 997, 56, 571
1673, 1461, 86, 324
1674, 58, 84, 37
1675, 1798, 10, 325
1676, 1967, 18, 973
1677, 256, 58, 693
1678, 1539, 38, 194
1679, 602, 53, 730
1680, 520, 37, 541
1681, 323, 73, 236
1682, 472, 96, 835
1683, 1616, 29, 23
1684, 1204, 78, 468
1685, 996, 42, 415
1686, 459, 70, 466
1687, 387, 72, 526
1688, 325, 22, 152
1689, 379, 1, 441
1690, 1960, 35, 480
1691, 1930, 91, 412
1692, 1804, 6, 104
1693, 1617, 44, 277
1694, 1074, 40, 82
1695, 1602, 69, 16
1696, 1618, 54, 107
1697, 1759, 18, 626
1698, 1329, 9, 312
1699, 288, 37, 94
1700, 1210, 54, 430
1701, 874, 33, 443
1702, 946, 64, 370
1703, 1116, 91, 304
1704, 510, 11, 496
1705, 1157, 76, 846
1706, 1348, 72, 145
1707, 450, 47, 766
1708, 779, 16, 676
1709, 1510, 59, 998
1710, 1170, 46, 333
1711, 491, 86, 364
1712, 1363, 48, 51
1713, 898, 59, 986
1714, 1642, 43, 609
1715, 913, 25, 569
1716, 1974, 88, 874
1717, 572, 26, 308
1718, 177, 29, 561
1719, 807, 15, 544
1720, 485, 25, 615
1721, 1760, 79, 534
1722, 152, 52, 61
1723, 928, 60, 143
1724, 347, 64, 444
1725, 998, 67, 639
1726, 743, 94, 316
1727, 1247, 25, 189
1728, 1426, 91, 662
1729, 89, 93, 245
1730, 1981, 60, 326
1731, 724, 24, 216
1732, 407, 81, 77
1733, 1231, 3, 739
1734, 1498, 19, 615
1735, 1934, 5, 483
1736, 1874, 30, 744
1737, 714, 34, 250
1738, 1665, 38, 132
1739, 1668, 38, 862
1740, 1741, 93, 555
1741, 116, 92, 332
1742, 965, 89, 445
1743, 71, 68, 999
1744, 1623, 42, 280
1745, 466, 2, 852
1746, 694, 20, 638
1747, 1306, 78, 990
1748, 509, 87, 896
1749, 199, 45, 922
1750, 1184, 15, 571
1751, 1434, 95, 718
1752, 1453, 8, 717
1753, 1937, 89, 219
1754, 1785, 86, 751
1755, 449, 48, 63
1756, 975, 86, 310
1757, 920, 41, 646
1758, 366, 66, 72
1759, 1213, 53, 785
1760, 841, 70, 270
1761, 1034, 74, 586
1762, 1505, 74, 321
1763, 1270, 86, 786
1764, 615, 31, 561
1765, 123, 75, 203
1766, 1529, 60, 652
1767, 773, 14, 216
1768, 13, 51, 748
1769, 113, 18, 187
1770, 1837, 26, 508
1771, 936, 95, 17
1772, 1122, 63, 920
1773, 326, 50, 518
1774, 1382, 73, 12
1775, 122, 96, 567
1776, 49, 89, 258
1777, 1599, 60, 303
1778, 825, 66, 534
1779, 1976, 76, 457
1780, 1541, 87, 514
1781, 1489, 5, 247
1782, 1814, 97, 379
1783, 135, 96, 116
1784, 922, 61, 831
1785, 394, 50, 284
1786, 1704, 77, 971
1787, 1290, 21, 216
1788, 1124, 33, 139
1789, 996, 2, 358
1790, 978, 96, 705
1791, 1512, 36, 431
1792, 1957, 87, 713
1793, 526, 69, 661
1794, 1738, 39, 5
1795, 1619, 43, 976
1796, 743, 81, 943
1797, 1805, 25, 303
1798, 1708, 89, 78
1799, 1227, 13, 833
1800, 1755, 8, 801
1801, 1815, 44, 966
1802, 1638, 6, 499
1803, 57, 94, 675
1804, 1589, 16, 501
1805, 1624, 8, 135
1806, 1907, 85, 166
1807, 1920, 21, 527
1808, 1629, 99, 364
1809, 1732, 52, 869
1810, 1951, 14, 885
1811, 535, 51, 614
1812, 219, 73, 108
1813, 1797, 32, 949
1814, 1598, 5, 741
1815, 1482, 85, 13
1816, 1047, 73, 55
1817, 903, 15, 83
1818, 833, 75, 693
1819, 727, 42, 367
1820, 196, 8, 839
1821, 1030, 97, 522
1822, 750, 52, 715
1823, 1133, 31, 4
1824, 912, 82, 153
1825, 816, 27, 26
1826, 1891, 44, 910
1827, 598, 95, 31
1828, 1602, 37, 163
1829, 1294, 53, 178
1830, 352, 27, 928
1831, 318, 3, 613
1832, 1607, 94, 236
1833, 310, 19, 790
1834, 950, 15, 399
1835, 1652, 75, 448
1836, 18, 76, 319
1837, 788, 88, 714
1838, 711, 64, 423
1839, 1862, 28, 476
1840, 455, 25, 179
1841, 639, 95, 164
1842, 435, 95, 887
1843, 850, 87, 352
1844, 1595, 72, 649
1845, 1215, 52, 585
1846, 1300, 65, 78
1847, 640, 83, 150
1848, 850, 88, 435
1849, 1252, 91, 742
1850, 751, 63, 697
1851, 899, 75, 502
1852, 637, 3, 878
1853, 969, 96, 103
1854, 688, 10, 371
1855, 1063, 33, 747
1856, 824, 54, 652
1857, 206, 3, 742
1858, 969, 61, 984
1859, 13, 39, 369
1860, 1637, 93, 681
1861, 749, 91, 721
1862, 175, 67, 759
1863, 1497, 80, 14
1864, 719, 17, 160
1865, 1228, 87, 863
1866, 1833, 48, 258
1867, 1221, 63, 492
1868, 486, 82, 665
1869, 585, 33, 620
1870, 1502, 72, 701
1871, 199, 77, 537
1872, 794, 67, 497
1873, 187, 83, 280
1874, 1330, 70, 184
1875, 1751, 49, 669
1876, 543, 20, 38
1877, 1740, 75, 862
1878, 212, 75, 737
1879, 1252, 66, 842
1880, 998, 74, 534
1881, 1037, 14, 864
1882, 511, 95, 730
1883, 460, 16, 506
1884, 443, 74, 835
1885, 1641, 22, 513
1886, 1524, 34, 420
1887, 162, 3, 953
1888, 1079, 32, 821
1889, 483, 66, 764
1890, 968, 57, 334
1891, 578, 81, 43
1892, 1339, 9, 516
1893, 724, 47, 672
1894, 1847, 28, 286
1895, 505, 32, 736
1896, 1694, 64, 121
1897, 1699, 93, 501
1898, 621, 2, 481
1899, 24, 73, 252
1900, 492, 50, 232
1901, 1489, 74, 889
1902, 1492, 80, 489
1903, 1952, 7, 658
1904, 212, 68, 340
1905, 308, 12, 467
1906, 1656, 86, 723
1907, 1728, 11, 552
1908, 166, 17, 223
1909, 776, 62, 290
1910, 1931, 5, 611
1911, 1170, 81, 366
1912, 1422, 22, 716
1913, 974, 13, 246
1914, 909, 12, 246
1915, 812, 61, 47
1916, 345, 50, 987
1917, 308, 54, 204
1918, 356, 57, 163
1919, 186, 57, 354
1920, 1050, 28, 192
1921, 1083, 23, 392
1922, 428, 8, 390
1923, 1298, 7, 890
1924, 416, 59, 585
1925, 1823, 41, 443
1926, 1475, 89, 169
1927, 1560, 2, 800
1928, 831, 41, 139
1929, 873, 24, 981
1930, 1276, 84, 712
1931, 937, 28, 210
1932, 1185, 76, 880
1933, 1560, 17, 516
1934, 1254, 23, 17
1935, 395, 95, 693
1936, 768, 86, 646
1937, 422, 8, 795
1938, 896, 60, 694
1939, 58, 87, 837
1940, 1913, 12, 759
1941, 222, 53, 63
1942, 1859, 2, 575
1943, 774, 21, 253
1944, 504, 13, 433
1945, 739, 76, 523
1946, 1700, 65, 168
1947, 80, 70, 153
1948, 1619, 66, 521
1949, 755, 34, 723
1950, 1325, 61, 835
1951, 1996, 98, 497
1952, 397, 26, 433
1953, 1330, 63, 910
1954, 176, 39, 394
1955, 105, 76, 864
1956, 1, 77, 676
1957, 1355, 80, 182
1958, 1615, 60, 413
1959, 1124, 98, 962
1960, 1632, 50, 850
1961, 41, 48, 114
1962, 1474, 72, 379
1963, 899, 70, 11
1964, 463, 44, 604
1965, 1243, 72, 723
1966, 158, 87, 400
1967, 1782, 93, 83
1968, 265, 91, 965
1969, 1085, 74, 603
1970, 535, 99, 603
1971, 864, 44, 320
1972, 1718, 88, 931
1973, 251, 32, 394
1974, 1322, 13, 985
1975, 541, 69, 692
1976, 1310, 59, 457
1977, 696, 93, 451
1978, 1809, 22, 755
1979, 1796, 60, 301
1980, 1622, 86, 563
1981, 1748, 60, 372
1982, 1788, 87, 296
1983, 1267, 87, 522
1984, 28, 74, 941
1985, 1732, 61, 3
1986, 1792, 6, 376
1987, 1826, 36, 370
1988, 553, 94, 72
1989, 1427, 94, 508
1990, 1496, 7, 741
1991, 1993, 98, 449
1992, 1611, 92, 18
1993, 1262, 22, 616
1994, 77, 38, 14
1995, 1155, 67, 532
1996, 1029, 71, 273
1997, 1477, 85, 240
1998, 1834, 83, 355
1999, 413, 65, 395
2000, 413, 96, 660
2001, 21, 43, 415
2002, 808, 28, 847
2003, 768, 54, 261
2004, 1033, 13, 646
2005, 1146, 47, 894
2006, 571, 64, 294
2007, 145, 63, 710
2008, 1421, 64, 641
2009, 1081, 70, 842
2010, 1536, 44, 500
2011, 19, 86, 485
2012, 1357, 10, 458
2013, 483, 73, 25
2014, 284, 11, 735
2015, 1404, 32, 402
2016, 483, 11, 375
2017, 1597, 89, 698
2018, 490, 28, 858
2019, 1419, 31, 645
2020, 1156, 38, 634
2021, 1940, 97, 914
2022, 1592, 60, 645
2023, 1777, 60, 921
2024, 845, 30, 440
2025, 902, 82, 371
2026, 23, 79, 157
2027, 1845, 69, 319
2028, 13, 84, 730
2029, 275, 86, 280
2030, 21, 71, 733
2031, 570, 86, 983
2032, 1494, 13, 335
2033, 1562, 45, 652
2034, 1793, 59, 830
2035, 420, 13, 608
2036, 1404, 56, 317
2037, 408, 26, 713
2038, 402, 98, 722
2039, 1281, 5, 408
2040, 386, 56, 803
2041, 722, 71, 541
2042, 1756, 23, 544
2043, 1291, 56, 455
2044, 548, 3, 653
2045, 635, 78, 967
2046, 137, 70, 859
2047, 1937, 33, 229
2048, 1550, 74, 642
2049, 1593, 56, 271
2050, 360, 42, 933
2051, 526, 81, 315
2052, 1567, 18, 357
2053, 1370, 90, 524
2054, 477, 50, 282
2055, 1370, 44, 327
2056, 66, 2, 62
2057, 12, 82, 616
2058, 1324, 2, 868
2059, 1461, 29, 985
2060, 1203, 72, 205
2061, 1793, 28, 655
2062, 1147, 31, 322
2063, 699, 68, 915
2064, 897, 85, 611
2065, 1176, 12, 613
2066, 411, 87, 165
2067, 1865, 14, 669
2068, 653, 23, 516
2069, 1456, 45, 821
2070, 1259, 30, 751
2071, 838, 15, 157
2072, 1351, 6, 557
2073, 639, 99, 982
2074, 1122, 42, 105
2075, 1606, 98, 629
2076, 1320, 4, 174
2077, 121, 17, 777
2078, 719, 46, 513
2079, 1312, 85, 614
2080, 248, 75, 532
2081, 1684, 41, 919
2082, 631, 59, 317
2083, 360, 55, 314
2084, 950, 77, 742
2085, 1152, 37, 54
2086, 1073, 53, 56
2087, 383, 80, 351
2088, 134, 94, 890
2089, 1627, 40, 130
2090, 777, 28, 471
2091, 174, 52, 431
2092, 852, 45, 956
2093, 314, 87, 744
2094, 24, 58, 879
2095, 1867, 49, 740
2096, 618, 5, 762
2097, 1163, 83, 502
2098, 1781, 4, 366
2099, 843, 11, 688
2100, 1304, 33, 191
2101, 543, 79, 775
2102, 595, 10, 219
2103, 1214, 74, 426
2104, 681, 91, 906
2105, 1869, 90, 644
2106, 366, 22, 620
2107, 1873, 88, 884
2108, 676, 33, 170
2109, 153, 83, 989
2110, 586, 97, 244
2111, 564, 40, 658
2112, 1583, 30, 848
2113, 1770, 60, 853
2114, 50, 4, 454
2115, 1556, 51, 373
2116, 1956, 31, 809
2117, 1267, 46, 611
2118, 370, 32, 922
2119, 1516, 82, 924
2120, 1877, 31, 991
2121, 209, 40, 349
2122, 1530, 25, 369
2123, 382, 5, 795
2124, 779, 73, 59
2125, 283, 71, 264
2126, 1657, 70, 959
2127, 1510, 51, 685
2128, 397, 50, 642
2129, 623, 78, 724
2130, 121, 47, 445
2131, 1622, 82, 573
2132, 968, 31, 969
2133, 784, 74, 923
2134, 420, 93, 802
2135, 36, 98, 347
2136, 1395, 51, 726
2137, 1590, 93, 464
2138, 379, 10, 133
2139, 1447, 46, 265
2140, 773, 59, 596
2141, 1893, 11, 333
2142, 519, 61, 832
2143, 1274, 36, 804
2144, 1181, 62, 139
2145, 647, 82, 813
2146, 1462, 48, 620
2147, 1648, 39, 927
2148, 1957, 65, 994
2149, 1902, 65, 921
2150, 1708, 25, 324
2151, 1070, 26, 387
2152, 843, 25, 233
2153, 105, 41, 430
2154, 795, 96, 576
2155, 1711, 28, 59
2156, 356, 35, 24
2157, 415, 68, 68
2158, 1944, 94, 95
2159, 649, 27, 227
2160, 294, 49, 422
2161, 1296, 41, 513
2162, 708, 16, 184
2163, 1477, 66, 992
2164, 1801, 3, 951
2165, 528, 92, 717
2166, 1932, 83, 927
2167, 196, 18, 19
2168, 1891, 14, 429
2169, 423, 83, 752
2170, 1510, 71, 264
2171, 390, 89, 262
2172, 1750, 13, 361
2173, 1468, 83, 222
2174, 656, 36, 418
2175, 173, 63, 377
2176, 480, 24, 335
2177, 856, 11, 355
2178, 975, 28, 427
2179, 806, 2, 494
2180, 213, 18, 268
2181, 1133, 82, 738
2182, 57, 83, 146
2183, 976, 74, 895
2184, 1716, 23, 533
2185, 1343, 55, 288
2186, 1047, 29, 886
2187, 1838, 37, 665
2188, 1436, 40, 413
2189, 1618, 9, 317
2190, 387, 58, 66
2191, 623, 60, 682
2192, 1953, 45, 194
2193, 1083, 78, 307
2194, 1986, 82, 114
2195, 533, 71, 157
2196, 1448, 52, 884
2197, 1659, 27, 488
2198, 694, 76, 678
2199, 1771, 36, 966
2200, 1540, 91, 859
2201, 1660, 45, 543
2202, 1690, 68, 561
2203, 1912, 91, 433
2204, 1412, 83, 861
2205, 1032, 10, 820
2206, 963, 52, 942
2207, 25, 17, 356
2208, 370, 28, 225
2209, 1127, 41, 740
2210, 24, 7, 198
2211, 1667, 32, 156
2212, 193, 46, 619
2213, 1629, 33, 818
2214, 342, 58, 57
2215, 1566, 56, 237
2216, 1755, 87, 717
2217, 558, 59, 535
2218, 555, 42, 248
2219, 934, 80, 499
2220, 1566, 67, 950
2221, 178, 40, 122
2222, 1669, 50, 460
2223, 1060, 43, 813
2224, 1546, 4, 394
2225, 138, 94, 278
2226, 830, 1, 15
2227, 66, 49, 273
2228, 113, 90, 69
2229, 1180, 1, 793
2230, 414, 60, 644
2231, 1652, 25, 161
2232, 1218, 87, 613
2233, 1442, 22, 17
2234, 1429, 38, 356
2235, 1546, 70, 468
2236, 58, 25, 139
2237, 677, 47, 290
2238, 1659, 11, 294
2239, 458, 88, 18
2240, 576, 50, 894
2241, 849, 63, 115
2242, 1214, 22, 523
2243, 371, 97, 879
2244, 885, 45, 869
2245, 74, 42, 543
2246, 1584, 34, 757
2247, 1973, 40, 544
2248, 1550, 99, 423
2249, 548, 92, 799
2250, 691, 40, 778
2251, 869, 46, 827
2252, 39, 80, 56
2253, 152, 36, 413
2254, 1962, 58, 442
2255, 1012, 80, 56
2256, 1053, 32, 266
2257, 1722, 31, 716
2258, 1157, 31, 234
2259, 168, 84, 542
2260, 766, 45, 702
2261, 1327, 15, 980
2262, 1984, 98, 996
2263, 1435, 24, 904
2264, 472, 46, 942
2265, 515, 86, 555
2266, 225, 77, 668
2267, 984, 69, 365
2268, 1460, 76, 272
2269, 1104, 84, 229
2270, 1220, 7, 616
2271, 1773, 74, 446
2272, 1494, 38, 641
2273, 834, 86, 244
2274, 109, 64, 492
2275, 1922, 86, 578
2276, 1148, 68, 196
2277, 1855, 84, 147
2278, 545, 67, 81
2279, 1856, 80, 709
2280, 87, 60, 789
2281, 1548, 31, 829
2282, 330, 49, 376
2283, 629, 69, 247
2284, 690, 99, 439
2285, 690, 68, 820
2286, 1278, 18, 696
2287, 1676, 98, 280
2288, 629, 3, 23
2289, 1607, 12, 291
2290, 850, 41, 225
2291, 706, 61, 969
2292, 429, 74, 594
2293, 481, 53, 101
2294, 1000, 0, 514
2295, 1596, 71, 438
2296, 692, 56, 250
2297, 349, 82, 255
2298, 1498, 44, 191
2299, 861, 16, 583
2300, 1807, 31, 80
2301, 181, 83, 738
2302, 938, 38, 416
2303, 1884, 83, 925
2304, 1520, 99, 926
2305, 1511, 36, 420
2306, 560, 74, 711
2307, 523, 85, 369
2308, 1522, 98, 189
2309, 937, 97, 500
2310, 1559, 17, 193
2311, 1819, 34, 455
2312, 84, 29, 485
2313, 658, 47, 500
2314, 925, 29, 694
2315, 1907, 31, 706
2316, 123, 53, 823
2317, 908, 97, 433
2318, 1133, 70, 336
2319, 1335, 6, 345
2320, 16, 65, 819
2321, 1422, 34, 630
2322, 1570, 89, 734
2323, 222, 83, 366
2324, 106, 92, 743
2325, 1438, 75, 920
2326, 1251, 13, 195
2327, 1332, 63, 903
2328, 192, 45, 189
2329, 1530, 81, 284
2330, 109, 39, 615
2331, 1511, 36, 469
2332, 1622, 70, 527
2333, 975, 42, 26
2334, 458, 34, 129
2335, 582, 33, 610
2336, 730, 46, 681
2337, 954, 97, 789
2338, 1524, 40, 638
2339, 1291, 0, 871
2340, 1316, 7, 771
2341, 1588, 79, 540
2342, 1629, 20, 337
2343, 450, 74, 651
2344, 799, 28, 51
2345, 1826, 56, 32
2346, 887, 11, 296
2347, 555, 67, 711
2348, 1631, 93, 99
2349, 978, 88, 792
2350, 499, 99, 944
2351, 1665, 35, 254
2352, 456, 92, 244
2353, 793, 8, 298
2354, 1585, 43, 734
2355, 6, 25, 434
2356, 1567, 64, 510
2357, 833, 57, 856
2358, 1035, 29, 99
2359, 1054, 31, 321
2360, 1193, 16, 979
2361, 1112, 67, 603
2362, 870, 7, 930
2363, 1840, 67, 621
2364, 1414, 38, 928
2365, 858, 87, 852
2366, 686, 25, 855
2367, 1876, 54, 954
2368, 1456, 11, 759
2369, 456, 31, 701
2370, 469, 9, 870
2371, 1774, 78, 746
2372, 205, 47, 891
2373, 586, 4, 911
2374, 1104, 32, 550
2375, 1698, 5, 741
2376, 293, 51, 753
2377, 328, 83, 278
2378, 1013, 0, 466
2379, 1144, 21, 436
2380, 1353, 27, 248
2381, 1486, 11, 375
2382, 1997, 35, 212
2383, 1191, 99, 460
2384, 1994, 90, 621
2385, 357, 2, 394
2386, 891, 42, 541
2387, 950, 53, 767
2388, 1259, 68, 662
2389, 1334, 95, 618
2390, 1454, 41, 188
2391, 774, 36, 837
2392, 1659, 42, 216
2393, 593, 33, 722
2394, 817, 0, 634
2395, 645, 11, 690
2396, 650, 98, 255
2397, 195, 3, 650
2398, 404, 82, 183
2399, 1188, 2, 241
2400, 1214, 70, 634
2401, 990, 9, 816
2402, 30, 89, 123
2403, 1312, 47, 285
2404, 57, 99, 793
2405, 1050, 94, 555
2406, 938, 97, 300
2407, 1222, 23, 304
2408, 1522, 95, 116
2409, 1568, 27, 920
2410, 35, 59, 616
2411, 1863, 89, 540
2412, 22, 79, 865
2413, 1359, 19, 336
2414, 854, 71, 471
2415, 1988, 72, 998
2416, 1763, 52, 362
2417, 639, 93, 786
2418, 539, 79, 79
2419, 1916, 46, 938
2420, 695, 50, 65
2421, 1338, 28, 938
2422, 823, 75, 301
2423, 441, 58, 785
2424, 194, 7, 441
2425, 851, 3, 308
2426, 1305, 65, 884
2427, 1345, 75, 352
2428, 1054, 14, 362
2429, 806, 14, 626
2430, 1063, 36, 780
2431, 33, 3, 762
2432, 1824, 95, 712
2433, 1334, 92, 992
2434, 332, 25, 433
2435, 204, 99, 476
2436, 1621, 10, 696
2437, 974, 14, 602
2438, 584, 27, 142
2439, 842, 4, 496
2440, 1986, 32, 665
2441, 614, 41, 525
2442, 29, 81, 693
2443, 756, 87, 3
2444, 241, 2, 515
2445, 287, 96, 648
2446, 1050, 95, 21
2447, 484, 90, 241
2448, 589, 70, 655
2449, 1553, 53, 430
2450, 1069, 26, 280
2451, 290, 57, 80
2452, 1521, 61, 243
2453, 617, 94, 532
2454, 818, 72, 863
2455, 162, 28, 353
2456, 874, 31, 824
2457, 408, 64, 909
2458, 1979, 62, 892
2459, 562, 35, 610
2460, 1935, 18, 75
2461, 1550, 96, 766
2462, 339, 97, 946
2463, 263, 58, 329
2464, 1825, 1, 827
2465, 510, 58, 187
2466, 187, 73, 948
2467, 1312, 43, 123
2468, 1900, 1, 61
2469, 1858, 60, 825
2470, 1399, 30, 288
2471, 1146, 7, 266
2472, 1697, 9, 338
2473, 1110, 64, 366
2474, 1614, 50, 79
2475, 1595, 88, 916
2476, 1815, 31, 394
2477, 1482, 58, 323
2478, 693, 47, 563
2479, 323, 83, 16
2480, 1765, 8, 440
2481, 1193, 0, 507
2482, 1391, 5, 388
2483, 774, 76, 315
2484, 1397, 2, 250
2485, 1582, 3, 107
2486, 1227, 36, 800
2487, 269, 59, 473
2488, 63, 57, 339
2489, 302, 84, 505
2490, 1154, 36, 846
2491, 1650, 7, 910
2492, 776, 19, 734
2493, 1096, 41, 50
2494, 1652, 16, 766
2495, 499, 22, 19
2496, 1663, 93, 593
2497, 1040, 47, 885
2498, 1846, 16, 528
2499, 1814, 97, 366
2500, 1115, 50, 908
2501, 1587, 68, 332
2502, 338, 78, 95
2503, 195, 65, 986
2504, 219, 44, 773
2505, 1516, 8, 817
2506, 1235, 68, 296
2507, 1208, 35, 637
2508, 962, 90, 298
2509, 237, 53, 549
2510, 227, 88, 500
2511, 1102, 52, 160
2512, 1671, 61, 962
2513, 1825, 97, 107
2514, 1467, 27, 287
2515, 466, 21, 105
2516, 1502, 24, 328
2517, 1910, 29, 173
2518, 655, 91, 963
2519, 790, 39, 267
2520, 701, 79, 805
2521, 527, 35, 981
2522, 187, 23, 862
2523, 78, 87, 935
2524, 1734, 60, 897
2525, 863, 61, 828
2526, 774, 65, 868
2527, 240, 69, 196
2528, 1476, 39, 406
2529, 58, 58, 424
2530, 522, 11, 457
2531, 107, 47, 273
2532, 1629, 51, 480
2533, 1389, 30, 279
2534, 693, 91, 926
2535, 608, 57, 731
2536, 268, 39, 901
2537, 1893, 10, 937
2538, 1287, 38, 102
2539, 678, 27, 361
2540, 1953, 68, 774
2541, 1156, 60, 561
2542, 1520, 32, 813
2543, 448, 60, 972
2544, 1614, 31, 776
2545, 1175, 1, 93
2546, 398, 18, 733
2547, 658, 94, 84
2548, 632, 95, 657
2549, 204, 78, 316
2550, 1016, 1, 621
2551, 650, 3, 126
2552, 576, 59, 122
2553, 1897, 42, 780
2554, 1202, 66, 144
2555, 930, 43, 977
2556, 820, 5, 365
2557, 1040, 15, 550
2558, 1830, 72, 542
2559, 762, 32, 119
2560, 589, 38, 940
2561, 1126, 47, 922
2562, 1218, 37, 386
2563, 618, 12, 536
2564, 1294, 99, 854
2565, 459, 78, 421
2566, 1116, 46, 513
2567, 1469, 93, 161
2568, 1679, 3, 414
2569, 1787, 89, 786
2570, 1863, 2, 387
2571, 1059, 86, 132
2572, 1309, 24, 523
2573, 842, 21, 373
2574, 729, 60, 561
2575, 1749, 37, 105
2576, 824, 52, 869
2577, 565, 62, 626
2578, 1475, 42, 129
2579, 1396, 5, 226
2580, 1840, 91, 539
2581, 1597, 91, 692
2582, 1396, 2, 417
2583, 1220, 56, 628
2584, 771, 61, 86
2585, 71, 1, 723
2586, 338, 62, 895
2587, 490, 76, 528
2588, 1694, 58, 209
2589, 1478, 17, 862
2590, 30, 44, 179
2591, 1213, 55, 592
2592, 1958, 92, 904
2593, 1074, 22, 438
2594, 92, 19, 969
2595, 1425, 3, 815
2596, 1115, 47, 538
2597, 1017, 59, 923
2598, 275, 57, 117
2599, 727, 34, 514
2600, 1346, 80, 661
2601, 779, 50, 704
2602, 1583, 88, 220
2603, 1897, 92, 498
2604, 677, 98, 980
2605, 203, 22, 235
2606, 1801, 41, 788
2607, 1338, 72, 818
2608, 1712, 20, 999
2609, 1753, 71, 456
2610, 759, 8, 281
2611, 1442, 61, 733
2612, 1681, 81, 544
2613, 1332, 97, 395
2614, 990, 91, 684
2615, 768, 22, 633
2616, 1396, 67, 574
2617, 1701, 19, 524
2618, 1881, 22, 905
2619, 1841, 93, 88
2620, 961, 64, 695
2621, 718, 89, 509
2622, 1916, 27, 236
2623, 438, 33, 733
2624, 1388, 39, 335
2625, 1544, 36, 680
2626, 657, 52, 312
2627, 1530, 15, 962
2628, 144, 46, 535
2629, 1972, 95, 229
2630, 151, 89, 125
2631, 169, 7, 671
2632, 1871, 81, 588
2633, 241, 12, 680
2634, 618, 29, 293
2635, 980, 87, 303
2636, 1090, 55, 390
2637, 1380, 97, 959
2638, 1995, 5, 115
2639, 1562, 65, 908
2640, 289, 77, 490
2641, 1918, 61, 706
2642, 630, 32, 503
2643, 1961, 79, 259
2644, 359, 83, 628
2645, 1470, 46, 563
2646, 354, 26, 985
2647, 1499, 52, 746
2648, 541, 35, 716
2649, 638, 64, 197
2650, 1552, 99, 176
2651, 1716, 30, 13
2652, 1608, 86, 212
2653, 483, 97, 850
2654, 683, 28, 239
2655, 944, 39, 127
2656, 1577, 24, 796
2657, 390, 5, 69
2658, 176, 57, 549
2659, 370, 25, 541
2660, 823, 40, 530
2661, 1960, 84, 79
2662, 18, 27, 326
2663, 431, 54, 518
2664, 436, 51, 121
2665, 1177, 23, 21
2666, 102, 9, 154
2667, 658, 28, 143
2668, 722, 85, 469
2669, 1473, 20, 87
2670, 157, 82, 785
2671, 1073, 47, 243
2672, 1097, 33, 376
2673, 1231, 23, 228
2674, 139, 41, 361
2675, 1141, 13, 910
2676, 1407, 88, 45
2677, 743, 42, 897
2678, 1852, 96, 492
2679, 1376, 43, 938
2680, 411, 75, 262
2681, 368, 57, 673
2682, 934, 52, 882
2683, 1247, 11, 523
2684, 1008, 13, 108
2685, 418, 47, 824
2686, 311, 87, 831
2687, 247, 28, 229
2688, 1993, 51, 826
2689, 711, 68, 872
2690, 1699, 81, 970
2691, 629, 54, 100
2692, 622, 25, 295
2693, 1456, 24, 68
2694, 18, 89, 211
2695, 1286, 16, 315
2696, 731, 62, 103
2697, 1152, 64, 891
2698, 796, 55, 903
2699, 445, 80, 590
2700, 1088, 82, 316
2701, 541, 8, 93
2702, 1947, 42, 642
2703, 59, 91, 546
2704, 338, 25, 294
2705, 1866, 38, 298
2706, 3, 55, 465
2707, 50, 53, 284
2708, 1093, 41, 677
2709, 1529, 51, 337
2710, 1112, 42, 466
2711, 411, 39, 678
2712, 907, 45, 943
2713, 854, 45, 69
2714, 1397, 10, 121
2715, 1726, 48, 990
2716, 4, 15, 570
2717, 423, 40, 690
2718, 1964, 12, 569
2719, 472, 89, 376
2720, 410, 87, 887
2721, 1510, 1, 109
2722, 1127, 81, 348
2723, 558, 47, 275
2724, 1873, 81, 217
2725, 153, 85, 338
2726, 1410, 48, 545
2727, 1960, 36, 297
2728, 1569, 38, 98
2729, 480, 18, 207
2730, 379, 3, 24
2731, 1138, 54, 80
2732, 1561, 38, 105
2733, 869, 78, 742
2734, 1359, 11, 27
2735, 1413, 60, 917
2736, 937, 41, 841
2737, 650, 97, 633
2738, 1210, 83, 844
2739, 1435, 85, 528
2740, 1251, 80, 120
2741, 1171, 76, 311
2742, 1811, 94, 862
2743, 1976, 67, 146
2744, 743, 21, 363
2745, 204, 48, 540
2746, 1514, 68, 538
2747, 508, 57, 794
2748, 1616, 58, 963
2749, 45, 68, 661
2750, 119, 59, 296
2751, 973, 6, 407
2752, 615, 53, 15
2753, 1649, 41, 825
2754, 984, 60, 527
2755, 1515, 67, 831
2756, 1547, 33, 349
2757, 814, 4, 395
2758, 1822, 41, 19
2759, 1795, 91, 117
2760, 338, 27, 278
2761, 326, 30, 156
2762, 1741, 95, 569
2763, 861, 74, 345
2764, 1752, 43, 717
2765, 388, 0, 406
2766, 486, 19, 488
2767, 1530, 71, 305
2768, 1339, 77, 788
2769, 1162, 0, 156
2770, 1675, 61, 614
2771, 942, 83, 77
2772, 1015, 48, 372
2773, 1215, 69, 503
2774, 1223, 70, 229
2775, 1524, 80, 433
2776, 1900, 1, 614
2777, 750, 15, 58
2778, 688, 55, 154
2779, 1335, 39, 459
2780, 481, 13, 723
2781, 1936, 91, 757
2782, 1442, 76, 257
2783, 52, 83, 835
2784, 1660, 1, 100
2785, 691, 71, 422
2786, 17, 19, 903
2787, 982, 46, 866
2788, 1368, 40, 927
2789, 748, 85, 788
2790, 722, 78, 581
2791, 467, 57, 283
2792, 1354, 52, 759
2793, 1007, 63, 854
2794, 1326, 68, 589
2795, 42, 52, 29
2796, 1610, 39, 871
2797, 1127, 79, 657
2798, 989, 84, 652
2799, 1174, 84, 770
2800, 1986, 24, 363
2801, 1000, 72, 512
2802, 1699, 4, 91
2803, 1733, 50, 185
2804, 909, 61, 298
2805, 1241, 97, 724
2806, 274, 76, 194
2807, 1146, 18, 480
2808, 902, 47, 932
2809, 648, 53, 315
2810, 260, 19, 403
2811, 89, 76, 61
2812, 258, 49, 541
2813, 381, 69, 373
2814, 1515, 39, 271
2815, 1913, 79, 443
2816, 4, 39, 404
2817, 1768, 87, 890
2818, 1295, 74, 120
2819, 108, 44, 89
2820, 197, 99, 466
2821, 942, 8, 248
2822, 347, 5, 332
2823, 418, 46, 661
2824, 949, 91, 322
2825, 1381, 5, 554
2826, 252, 76, 570
2827, 196, 96, 144
2828, 922, 49, 537
2829, 761, 46, 771
2830, 1919, 92, 603
2831, 1622, 3, 51
2832, 1547, 88, 442
2833, 1071, 4, 959
2834, 526, 45, 95
2835, 476, 90, 471
2836, 1600, 44, 681
2837, 30, 10, 67
2838, 1775, 90, 537
2839, 966, 76, 922
2840, 368, 88, 82
2841, 1894, 91, 548
2842, 722, 79, 986
2843, 271, 86, 508
2844, 1072, 93, 166
2845, 704, 22, 387
2846, 189, 21, 574
2847, 599, 35, 617
2848, 1309, 43, 689
2849, 748, 6, 921
2850, 477, 92, 62
2851, 1560, 17, 496
2852, 877, 85, 275
2853, 1633, 41, 629
2854, 739, 20, 259
2855, 638, 25, 522
2856, 1343, 45, 633
2857, 326, 45, 874
2858, 161, 79, 346
2859, 697, 54, 654
2860, 1700, 61, 439
2861, 1431, 59, 967
2862, 904, 29, 25
2863, 981, 11, 169
2864, 353, 71, 157
2865, 651, 77, 551
2866, 407, 39, 749
2867, 33, 99, 99
2868, 444, 19, 795
2869, 250, 90, 808
2870, 1274, 74, 615
2871, 948, 55, 691
2872, 216, 76, 555
2873, 1508, 76, 840
2874, 1573, 3, 978
2875, 372, 84, 740
2876, 1270, 89, 897
2877, 916, 50, 897
2878, 1140, 16, 555
2879, 121, 90, 801
2880, 1585, 12, 665
2881, 474, 48, 157
2882, 1512, 33, 61
2883, 1768, 73, 988
2884, 301, 10, 134
2885, 1184, 40, 733
2886, 1656, 69, 894
2887, 754, 51, 988
2888, 1236, 5, 506
2889, 1292, 94, 181
2890, 218, 32, 842
2891, 179, 47, 12
2892, 1749, 56, 855
2893, 1884, 53, 618
2894, 980, 38, 19
2895, 1087, 13, 271
2896, 1458, 2, 305
2897, 824, 58, 172
2898, 1771, 59, 955
2899, 670, 70, 793
2900, 1614, 21, 493
2901, 1544, 22, 294
2902, 799, 86, 199
2903, 1537, 3, 49
2904, 201, 63, 130
2905, 1486, 44, 403
2906, 1770, 56, 105
2907, 1798, 58, 618
2908, 160, 73, 235
2909, 965, 16, 508
2910, 636, 85, 209
2911, 382, 73, 464
2912, 829, 60, 439
2913, 608, 79, 972
2914, 524, 66, 640
2915, 1366, 9, 687
2916, 400, 14, 206
2917, 696, 21, 925
2918, 1637, 10, 234
2919, 1179, 7, 439
2920, 847, 18, 8
2921, 725, 77, 388
2922, 1778, 8, 887
2923, 46, 77, 4
2924, 1224, 73, 595
2925, 1365, 95, 320
2926, 1839, 34, 445
2927, 1872, 20, 202
2928, 1737, 84, 280
2929, 1090, 31, 896
2930, 1430, 52, 932
2931, 1408, 14, 237
2932, 1905, 63, 83
2933, 677, 87, 419
2934, 1451, 64, 78
2935, 1080, 99, 957
2936, 1982, 48, 85
2937, 1568, 0, 577
2938, 1981, 18, 570
2939, 799, 20, 856
2940, 587, 94, 688
2941, 689, 58, 135
2942, 49, 80, 733
2943, 1519, 84, 2
2944, 1661, 57, 999
2945, 185, 29, 441
2946, 1588, 87, 533
2947, 1679, 80, 382
2948, 2, 65, 360
2949, 1572, 19, 113
2950, 422, 69, 859
2951, 1811, 34, 808
2952, 846, 31, 959
2953, 139, 69, 324
2954, 790, 31, 379
2955, 152, 10, 611
2956, 1194, 32, 535
2957, 1533, 95, 452
2958, 374, 51, 770
2959, 309, 21, 517
2960, 722, 19, 408
2961, 949, 29, 937
2962, 467, 91, 27
2963, 1059, 98, 978
2964, 18, 23, 632
2965, 1596, 19, 353
2966, 888, 54, 479
2967, 70, 68, 541
2968, 885, 16, 408
2969, 422, 72, 807
2970, 1673, 68, 696
2971, 1900, 51, 171
2972, 963, 7, 564
2973, 1121, 54, 704
2974, 272, 53, 354
2975, 1706, 51, 330
2976, 1613, 91, 469
2977, 1185, 98, 257
2978, 1758, 63, 286
2979, 1167, 93, 486
2980, 1264, 64, 127
2981, 1521, 4, 508
2982, 647, 92, 611
2983, 904, 28, 395
2984, 779, 81, 171
2985, 1596, 91, 354
2986, 97, 79, 171
2987, 1387, 21, 637
2988, 966, 26, 329
2989, 241, 19, 140
2990, 931, 40, 854
2991, 1177, 76, 797
2992, 1720, 61, 612
2993, 765, 27, 258
2994, 1647, 31, 486
2995, 339, 68, 942
2996, 796, 32, 777
2997, 442, 15, 349
2998, 132, 26, 791
2999, 757, 5, 405
3000, 1656, 23, 125
3001, 700, 90, 152
3002, 1067, 95, 777
3003, 744, 61, 7
3004, 1026, 40, 146
3005, 643, 62, 777
3006, 1171, 49, 837
3007, 74, 85, 4
3008, 1017, 12, 38
3009, 1060, 1, 654
3010, 1267, 78, 385
3011, 1793, 94, 57
3012, 613, 82, 960
3013, 1515, 46, 228
3014, 1348, 45, 849
3015, 966, 68, 467
3016, 819, 56, 480
3017, 1891, 26, 666
3018, 1601, 31, 19
3019, 101, 87, 831
3020, 1768, 42, 11
3021, 173, 5, 106
3022, 1924, 97, 182
3023, 1464, 64, 165
3024, 1016, 11, 904
3025, 438, 78, 999
3026, 1446, 61, 999
3027, 731, 15, 612
3028, 715, 46, 673
3029, 1418, 75, 691
3030, 1850, 18, 865
3031, 771, 20, 753
3032, 1092, 21, 825
3033, 158, 76, 904
3034, 1215, 26, 543
3035, 1377, 24, 233
3036, 1862, 17, 39
3037, 947, 24, 23
3038, 376, 50, 168
3039, 1435, 50, 269
3040, 1021, 50, 957
3041, 270, 10, 942
3042, 530, 66, 312
3043, 1123, 11, 349
3044, 1565, 28, 183
3045, 1533, 3, 147
3046, 1466, 67, 990
3047, 1047, 75, 620
3048, 1699, 52, 635
3049, 139, 74, 174
3050, 1024, 77, 62
3051, 1663, 26, 243
3052, 717, 40, 145
3053, 44, 35, 339
3054, 500, 50, 197
3055, 238, 30, 882
3056, 1471, 72, 328
3057, 764, 53, 293
3058, 1827, 29, 347
3059, 1369, 76, 488
3060, 332, 6, 438
3061, 185, 98, 398
3062, 550, 21, 617
3063, 331, 30, 539
3064, 1718, 38, 345
3065, 296, 62, 556
3066, 832, 77, 384
3067, 1889, 7, 11
3068, 843, 39, 782
3069, 540, 37, 614
3070, 1434, 1, 386
3071, 1434, 92, 153
3072, 245, 58, 29
3073, 891, 78, 437
3074, 1829, 20, 184
3075, 1983, 62, 468
3076, 869, 73, 648
3077, 803, 61, 414
3078, 675, 70, 64
3079, 313, 1, 739
3080, 1621, 96, 103
3081, 1618, 76, 628
3082, 298, 93, 26
3083, 920, 91, 911
3084, 1968, 52, 809
3085, 186, 66, 371
3086, 751, 74, 271
3087, 280, 26, 551
3088, 1383, 86, 888
3089, 11, 80, 999
3090, 179, 74, 638
3091, 1255, 49, 974
3092, 90, 78, 617
3093, 722, 86, 747
3094, 964, 3, 155
3095, 1946, 90, 74
3096, 1640, 9, 112
3097, 6, 63, 815
3098, 891, 22, 478
3099, 613, 74, 291
3100, 236, 5, 676
3101, 1611, 89, 162
3102, 725, 15, 580
3103, 1490, 17, 731
3104, 1229, 64, 4
3105, 823, 44, 365
3106, 153, 63, 325
3107, 450, 16, 100
3108, 1705, 76, 566
3109, 1050, 85, 217
3110, 1277, 93, 258
3111, 231, 77, 956
3112, 182, 89, 847
3113, 1571, 91, 143
3114, 205, 60, 482
3115, 1787, 3, 997
3116, 1806, 59, 221
3117, 468, 2, 53
3118, 801, 55, 369
3119, 1521, 35, 865
3120, 1517, 15, 709
3121, 127, 88, 537
3122, 1937, 24, 636
3123, 673, 76, 410
3124, 386, 96, 985
3125, 1106, 78, 711
3126, 801, 15, 853
3127, 762, 74, 648
3128, 855, 43, 82
3129, 852, 99, 565
3130, 683, 74, 86
3131, 1625, 49, 283
3132, 725, 15, 837
3133, 540, 64, 830
3134, 1158, 86, 636
3135, 527, 85, 736
3136, 1632, 28, 509
3137, 1662, 93, 996
3138, 1801, 36, 947
3139, 1863, 94, 159
3140, 1508, 16, 326
3141, 1774, 91, 391
3142, 835, 34, 225
3143, 509, 64, 266
3144, 674, 91, 673
3145, 105, 83, 939
3146, 1107, 10, 57
3147, 83, 1, 850
3148, 1730, 80, 105
3149, 950, 39, 726
3150, 134, 48, 214
3151, 374, 78, 796
3152, 333, 24, 825
3153, 756, 96, 696
3154, 1835, 80, 225
3155, 1829, 39, 961
3156, 1583, 28, 992
3157, 1588, 97, 155
3158, 871, 35, 408
3159, 1866, 75, 561
3160, 671, 40, 147
3161, 415, 99, 746
3162, 1406, 68, 460
3163, 793, 33, 97
3164, 1203, 54, 572
3165, 713, 66, 447
3166, 1319, 75, 38
3167, 846, 30, 387
3168, 1692, 89, 245
3169, 989, 40, 381
3170, 2, 42, 590
3171, 348, 3, 43
3172, 130, 2, 203
3173, 778, 59, 101
3174, 801, 64, 464
3175, 600, 66, 850
3176, 1285, 70, 945
3177, 354, 5, 989
3178, 520, 54, 301
3179, 461, 17, 651
3180, 1368, 75, 994
3181, 43, 89, 586
3182, 283, 65, 99
3183, 865, 19, 731
3184, 1731, 73, 378
3185, 294, 61, 310
3186, 1722, 98, 129
3187, 781, 88, 757
3188, 1453, 32, 619
3189, 773, 33, 966
3190, 884, 94, 746
3191, 355, 16, 234
3192, 651, 20, 135
3193, 1633, 6, 11
3194, 270, 69, 204
3195, 1488, 0, 359
3196, 1345, 9, 455
3197, 289, 95, 441
3198, 1654, 27, 37
3199, 1721, 94, 160
3200, 203, 57, 70
3201, 558, 9, 213
3202, 1360, 62, 610
3203, 123, 51, 627
3204, 1935, 64, 466
3205, 251, 25, 359
3206, 371, 55, 204
3207, 947, 78, 527
3208, 1978, 22, 705
3209, 185, 13, 31
3210, 73, 48, 616
3211, 1973, 75, 306
3212, 445, 77, 132
3213, 592, 83, 501
3214, 219, 82, 323
3215, 1072, 57, 58
3216, 1707, 6, 787
3217, 161, 14, 441
3218, 429, 5, 656
3219, 391, 70, 843
3220, 345, 18, 701
3221, 1376, 32, 331
3222, 483, 44, 846
3223, 1426, 90, 767
3224, 905, 66, 282
3225, 1143, 81, 891
3226, 375, 88, 146
3227, 492, 80, 995
3228, 1164, 12, 839
3229, 126, 66, 904
3230, 205, 56, 77
3231, 558, 70, 245
3232, 1930, 30, 589
3233, 1614, 57, 222
3234, 1198, 35, 130
3235, 1729, 82, 42
3236, 808, 17, 951
3237, 1628, 73, 449
3238, 438, 39, 376
3239, 1210, 97, 86
3240, 1087, 42, 934
3241, 1178, 9, 800
3242, 1426, 89, 135
3243, 1974, 27, 13
3244, 108, 92, 99
3245, 1104, 15, 267
3246, 1809, 3, 258
3247, 654, 81, 990
3248, 1169, 42, 400
3249, 1649, 64, 477
3250, 190, 65, 993
3251, 77, 41, 135
3252, 590, 70, 355
3253, 1970, 83, 189
3254, 784, 9, 985
3255, 52, 45, 419
3256, 1188, 7, 537
3257, 318, 43, 374
3258, 1814, 47, 177
3259, 1559, 80, 455
3260, 1822, 67, 659
3261, 332, 69, 760
3262, 330, 44, 411
3263, 1305, 21, 876
3264, 134, 73, 95
3265, 1049, 63, 6
3266, 1977, 51, 636
3267, 1818, 8, 910
3268, 1337, 50, 934
3269, 473, 43, 63
3270, 420, 80, 792
3271, 714, 35, 450
3272, 1471, 95, 669
3273, 1985, 12, 961
3274, 159, 45, 847
3275, 430, 38, 879
3276, 1186, 58, 202
3277, 72, 96, 127
3278, 459, 0, 877
3279, 1688, 63, 595
3280, 1904, 86, 350
3281, 1987, 42, 748
3282, 650, 0, 698
3283, 1643, 78, 773
3284, 345, 66, 601
3285, 551, 94, 201
3286, 1511, 73, 982
3287, 436, 97, 650
3288, 1351, 59, 446
3289, 1424, 16, 9
3290, 887, 74, 199
3291, 125, 52, 937
3292, 598, 23, 381
3293, 1560, 11, 652
3294, 1976, 17, 898
3295, 1940, 72, 601
3296, 521, 17, 247
3297, 92, 39, 377
3298, 829, 50, 674
3299, 1730, 9, 458
3300, 205, 77, 810
3301, 624, 38, 932
3302, 1435, 33, 881
3303, 1742, 83, 200
3304, 389, 21, 681
3305, 1418, 27, 272
3306, 1803, 15, 66
3307, 1495, 18, 859
3308, 42, 35, 126
3309, 979, 45, 215
3310, 740, 17, 792
3311, 952, 42, 252
3312, 1526, 62, 231
3313, 1441, 92, 172
3314, 365, 19, 621
3315, 1343, 39, 489
3316, 149, 4, 179
3317, 794, 77, 874
3318, 1684, 56, 914
3319, 1647, 5, 489
3320, 1904, 38, 879
3321, 251, 53, 287
3322, 1254, 74, 919
3323, 1548, 24, 755
3324, 1694, 43, 410
3325, 1966, 11, 769
3326, 1875, 5, 886
3327, 765, 99, 833
3328, 672, 23, 465
3329, 785, 2, 265
3330, 1701, 9, 370
3331, 1876, 78, 930
3332, 224, 48, 663
3333, 1514, 60, 765
3334, 1510, 72, 214
3335, 1650, 82, 803
3336, 1054, 24, 486
3337, 625, 76, 984
3338, 659, 76, 405
3339, 558, 69, 239
3340, 1600, 1, 347
3341, 990, 68, 717
3342, 1689, 94, 333
3343, 1164, 63, 837
3344, 1213, 38, 473
3345, 1176, 79, 64
3346, 1890, 84, 624
3347, 1875, 58, 720
3348, 142, 35, 524
3349, 1655, 24, 918
3350, 852, 70, 0
3351, 1744, 18, 588
3352, 1913, 12, 807
3353, 201, 73, 444
3354, 734, 46, 628
3355, 606, 40, 171
3356, 610, 91, 709
3357, 1289, 86, 203
3358, 824, 87, 868
3359, 1407, 45, 31
3360, 1591, 60, 705
3361, 997, 48, 268
3362, 1566, 51, 878
3363, 1613, 62, 401
3364, 463, 94, 587
3365, 1014, 39, 86
3366, 1969, 84, 836
3367, 418, 35, 680
3368, 375, 35, 208
3369, 1233, 78, 981
3370, 530, 63, 788
3371, 1743, 6, 349
3372, 785, 38, 28
3373, 1844, 3, 669
3374, 388, 56, 386
3375, 256, 58, 107
3376, 915, 18, 46
3377, 1205, 26, 445
3378, 1301, 47, 893
3379, 276, 74, 28
3380, 1185, 7, 104
3381, 379, 31, 159
3382, 577, 19, 84
3383, 659, 63, 126
3384, 79, 40, 906
3385, 1911, 80, 244
3386, 1804, 55, 667
3387, 1841, 85, 556
3388, 254, 84, 699
3389, 229, 68, 950
3390, 1297, 6, 439
3391, 1095, 31, 528
3392, 1674, 90, 60
3393, 389, 52, 685
3394, 1460, 77, 355
3395, 921, 93, 309
3396, 1365, 28, 536
3397, 142, 36, 379
3398, 920, 93, 606
3399, 1131, 84, 443
3400, 1898, 87, 883
3401, 1640, 98, 411
3402, 1766, 81, 130
3403, 1445, 5, 131
3404, 1017, 9, 406
3405, 674, 47, 605
3406, 1795, 13, 739
3407, 1470, 22, 978
3408, 1570, 13, 756
3409, 1442, 81, 574
3410, 836, 15, 937
3411, 1982, 39, 90
3412, 281, 37, 973
3413, 18, 74, 410
3414, 1529, 23, 51
3415, 1460, 85, 644
3416, 94, 35, 589
3417, 1874, 35, 940
3418, 1147, 97, 977
3419, 670, 25, 305
3420, 1311, 77, 488
3421, 1775, 30, 37
3422, 268, 24, 460
3423, 832, 24, 463
3424, 100, 97, 572
3425, 1867, 86, 552
3426, 306, 47, 333
3427, 756, 31, 905
3428, 1966, 45, 291
3429, 942, 40, 839
3430, 23, 64, 473
3431, 136, 79, 615
3432, 484, 84, 803
3433, 561, 43, 47
3434, 1864, 93, 381
3435, 110, 30, 60
3436, 178, 75, 764
3437, 1027, 24, 343
3438, 1569, 46, 523
3439, 1988, 96, 709
3440, 87, 0, 574
3441, 1452, 1, 455
3442, 1609, 97, 888
3443, 429, 17, 415
3444, 723, 72, 453
3445, 359, 81, 179
3446, 1303, 50, 888
3447, 15, 72, 425
3448, 1522, 45, 314
3449, 1285, 66, 991
3450, 1032, 95, 576
3451, 1348, 70, 968
3452, 1409, 26, 375
3453, 1587, 30, 237
3454, 1764, 0, 222
3455, 950, 74, 233
3456, 51, 91, 287
3457, 1988, 82, 874
3458, 389, 36, 328
3459, 1545, 4, 481
3460, 807, 81, 471
3461, 595, 45, 968
3462, 1195, 63, 815
3463, 597, 16, 472
3464, 1585, 94, 357
3465, 1673, 22, 196
3466, 1927, 4, 152
3467, 148, 65, 380
3468, 346, 75, 899
3469, 1812, 10, 640
3470, 665, 35, 302
3471, 1421, 76, 465
3472, 1470, 99, 201
3473, 1408, 61, 500
3474, 977, 21, 830
3475, 1996, 28, 141
3476, 74, 80, 29
3477, 1607, 43, 270
3478, 1015, 60, 519
3479, 1153, 3, 162
3480, 1671, 42, 151
3481, 1659, 24, 481
3482, 207, 66, 837
3483, 766, 91, 4
3484, 190, 39, 637
3485, 924, 25, 666
3486, 1221, 94, 986
3487, 1509, 55, 698
3488, 753, 74, 327
3489, 1549, 21, 86
3490, 1960, 1, 784
3491, 22, 16, 945
3492, 1291, 8, 969
3493, 1384, 20, 880
3494, 351, 63, 127
3495, 558, 56, 363
3496, 1549, 5, 556
3497, 1034, 58, 527
3498, 1485, 73, 766
3499, 803, 3, 814
3500, 1933, 25, 879
3501, 1745, 65, 220
3502, 1178, 88, 489
3503, 486, 37, 241
3504, 35, 30, 783
3505, 1624, 10, 586
3506, 343, 73, 327
3507, 1080, 44, 226
3508, 634, 6, 736
3509, 525, 98, 471
3510, 981, 49, 453
3511, 1701, 19, 2
3512, 1225, 65, 927
3513, 562, 93, 999
3514, 732, 61, 740
3515, 1671, 84, 1
3516, 1429, 57, 878
3517, 1687, 98, 320
3518, 523, 13, 763
3519, 426, 59, 381
3520, 780, 19, 874
3521, 1488, 43, 776
3522, 1145, 13, 249
3523, 1013, 44, 685
3524, 279, 91, 717
3525, 1738, 5, 460
3526, 1086, 56, 2
3527, 512, 63, 260
3528, 1236, 16, 468
3529, 1841, 59, 370
3530, 1415, 49, 677
3531, 937, 23, 768
3532, 182, 29, 940
3533, 181, 65, 311
3534, 637, 42, 687
3535, 954, 92, 818
3536, 1794, 56, 637
3537, 722, 75, 379
3538, 1832, 36, 791
3539, 1341, 58, 240
3540, 1280, 24, 571
3541, 1094, 76, 833
3542, 1998, 77, 438
3543, 600, 0, 214
3544, 628, 7, 854
3545, 1860, 29, 987
3546, 1754, 16, 161
3547, 92, 89, 931
3548, 207, 11, 237
3549, 943, 55, 90
3550, 594, 83, 709
3551, 1743, 63, 303
3552, 1102, 74, 100
3553, 859, 43, 637
3554, 274, 0, 607
3555, 1923, 58, 81
3556, 1942, 36, 518
3557, 1701, 96, 471
3558, 1286, 42, 174
3559, 1478, 33, 678
3560, 897, 20, 633
3561, 794, 2, 659
3562, 1696, 4, 55
3563, 1793, 20, 653
3564, 1249, 76, 565
3565, 284, 81, 676
3566, 623, 27, 141
3567, 373, 9, 80
3568, 1447, 94, 648
3569, 1304, 5, 118
3570, 704, 20, 697
3571, 1655, 69, 373
3572, 839, 64, 754
3573, 1757, 75, 393
3574, 1228, 76, 340
3575, 1669, 61, 193
3576, 1524, 89, 208
3577, 1631, 57, 732
3578, 630, 85, 551
3579, 1945, 67, 974
3580, 1034, 69, 479
3581, 625, 31, 70
3582, 679, 87, 173
3583, 1042, 87, 451
3584, 1877, 71, 703
3585, 1160, 65, 136
3586, 463, 60, 525
3587, 411, 88, 953
3588, 1796, 98, 993
3589, 1956, 20, 919
3590, 1890, 53, 559
3591, 829, 89, 181
3592, 834, 69, 271
3593, 721, 18, 158
3594, 1973, 37, 865
3595, 1702, 0, 465
3596, 171, 29, 223
3597, 1987, 87, 153
3598, 317, 64, 814
3599, 1715, 55, 653
3600, 542, 8, 667
3601, 1320, 91, 892
3602, 875, 5, 179
3603, 481, 45, 987
3604, 1660, 58, 952
3605, 1647, 17, 891
3606, 1821, 59, 926
3607, 1208, 63, 16
3608, 948, 36, 201
3609, 702, 5, 515
3610, 1211, 77, 948
3611, 73, 84, 621
3612, 562, 60, 863
3613, 1064, 21, 686
3614, 356, 57, 758
3615, 1935, 27, 365
3616, 747, 57, 536
3617, 517, 34, 733
3618, 141, 86, 793
3619, 1227, 97, 713
3620, 238, 30, 810
3621, 1395, 91, 774
3622, 719, 30, 936
3623, 383, 68, 255
3624, 610, 23, 938
3625, 1650, 24, 381
3626, 1298, 24, 239
3627, 533, 90, 488
3628, 175, 20, 173
3629, 1750, 94, 864
3630, 225, 58, 686
3631, 256, 15, 272
3632, 1075, 90, 722
3633, 941, 17, 979
3634, 1348, 36, 575
3635, 233, 34, 328
3636, 1546, 72, 362
3637, 1159, 7, 410
3638, 412, 40, 613
3639, 1309, 42, 574
3640, 226, 67, 317
3641, 252, 36, 950
3642, 790, 46, 667
3643, 10, 22, 534
3644, 274, 18, 491
3645, 177, 79, 775
3646, 823, 21, 933
3647, 1345, 34, 234
3648, 1229, 49, 884
3649, 797, 13, 504
3650, 1000, 49, 221
3651, 1421, 53, 581
3652, 832, 90, 380
3653, 127, 96, 729
3654, 1511, 51, 645
3655, 602, 5, 461
3656, 1228, 26, 383
3657, 1546, 95, 590
3658, 1507, 38, 854
3659, 426, 83, 190
3660, 473, 21, 228
3661, 832, 49, 53
3662, 153, 75, 570
3663, 569, 72, 563
3664, 1537, 0, 857
3665, 1362, 68, 902
3666, 231, 5, 363
3667, 57, 68, 598
3668, 1182, 88, 748
3669, 1874, 89, 540
3670, 1429, 72, 783
3671, 240, 37, 552
3672, 24, 0, 65
3673, 1479, 78, 536
3674, 787, 56, 87
3675, 1574, 84, 900
3676, 1446, 41, 373
3677, 823, 19, 189
3678, 91, 7, 5
3679, 1988, 17, 102
3680, 151, 31, 350
3681, 459, 70, 550
3682, 1900, 54, 903
3683, 1534, 33, 841
3684, 116, 37, 972
3685, 788, 30, 244
3686, 1784, 1, 379
3687, 585, 93, 325
3688, 93, 37, 272
3689, 547, 52, 396
3690, 19, 7, 551
3691, 1680, 57, 191
3692, 102, 25, 696
3693, 237, 49, 950
3694, 528, 73, 437
3695, 1097, 63, 634
3696, 70, 97, 260
3697, 1941, 35, 777
3698, 722, 3, 985
3699, 1326, 67, 19
3700, 1683, 17, 393
3701, 1515, 3, 987
3702, 692, 44, 360
3703, 190, 13, 98
3704, 355, 37, 208
3705, 1130, 35, 93
3706, 1037, 3, 774
3707, 138, 82, 195
3708, 1482, 37, 89
3709, 183, 59, 283
3710, 396, 43, 754
3711, 468, 27, 660
3712, 1045, 39, 473
3713, 589, 62, 937
3714, 1604, 60, 401
3715, 346, 87, 289
3716, 1096, 43, 750
3717, 1997, 50, 98
3718, 733, 45, 173
3719, 1689, 16, 387
3720, 1170, 25, 587
3721, 650, 85, 331
3722, 846, 10, 857
3723, 116, 70, 295
3724, 1186, 11, 924
3725, 171, 91, 541
3726, 434, 70, 139
3727, 957, 68, 370
3728, 988, 54, 616
3729, 81, 83, 225
3730, 1135, 66, 766
3731, 1651, 12, 665
3732, 1749, 40, 606
3733, 1679, 29, 180
3734, 629, 74, 698
3735, 1602, 70, 815
3736, 384, 15, 230
3737, 513, 17, 369
3738, 417, 41, 218
3739, 786, 8, 983
3740, 283, 36, 653
3741, 717, 41, 350
3742, 1990, 73, 561
3743, 333, 42, 489
3744, 723, 56, 123
3745, 1118, 24, 472
3746, 1117, 4, 632
3747, 412, 61, 905
3748, 136, 41, 285
3749, 1655, 85, 240
3750, 65, 1, 255
3751, 724, 62, 386
3752, 1573, 50, 51
3753, 763, 29, 272
3754, 1154, 99, 143
3755, 1939, 65, 426
3756, 1655, 11, 861
3757, 1699, 29, 31
3758, 60, 52, 713
3759, 1263, 47, 703
3760, 768, 87, 672
3761, 1921, 55, 784
3762, 90, 67, 726
3763, 326, 1, 638
3764, 17, 8, 894
3765, 1658, 98, 802
3766, 1509, 99, 940
3767, 1353, 75, 27
3768, 1049, 89, 39
3769, 1560, 33, 521
3770, 1883, 93, 88
3771, 729, 7, 820
3772, 1637, 72, 586
3773, 1956, 18, 818
3774, 438, 25, 709
3775, 1804, 63, 64
3776, 1916, 68, 264
3777, 937, 33, 660
3778, 146, 53, 216
3779, 1410, 77, 110
3780, 1887, 30, 182
3781, 733, 1, 11
3782, 290, 58, 926
3783, 296, 62, 327
3784, 1955, 99, 892
3785, 1555, 89, 934
3786, 1081, 3, 205
3787, 646, 18, 276
3788, 803, 58, 495
3789, 1748, 56, 856
3790, 1384, 77, 243
3791, 1277, 19, 892
3792, 1070, 16, 159
3793, 1427, 91, 436
3794, 449, 18, 182
3795, 1457, 56, 661
3796, 178, 61, 175
3797, 1735, 80, 779
3798, 1918, 28, 479
3799, 461, 29, 547
3800, 219, 74, 383
3801, 123, 65, 528
3802, 1734, 1, 692
3803, 380, 9, 311
3804, 1827, 85, 935
3805, 1656, 18, 803
3806, 1590, 75, 778
3807, 700, 13, 454
3808, 1102, 89, 34
3809, 796, 72, 971
3810, 465, 61, 645
3811, 854, 57, 258
3812, 921, 82, 988
3813, 1372, 39, 436
3814, 412, 1, 278
3815, 17, 57, 318
3816, 136, 34, 810
3817, 156, 75, 577
3818, 1824, 78, 214
3819, 412, 5, 265
3820, 1010, 95, 382
3821, 887, 8, 492
3822, 1284, 23, 660
3823, 483, 53, 301
3824, 610, 68, 931
3825, 1570, 80, 441
3826, 750, 30, 79
3827, 1345, 60, 658
3828, 1652, 43, 579
3829, 930, 86, 305
3830, 1038, 99, 737
3831, 1868, 64, 307
3832, 1474, 65, 562
3833, 1269, 48, 314
3834, 1888, 89, 946
3835, 215, 32, 98
3836, 785, 77, 894
3837, 598, 85, 541
3838, 420, 31, 861
3839, 746, 58, 599
3840, 35, 8, 727
3841, 1266, 29, 48
3842, 1859, 92, 667
3843, 1557, 76, 834
3844, 1747, 45, 109
3845, 415, 7, 610
3846, 137, 8, 665
3847, 745, 94, 473
3848, 880, 29, 386
3849, 1476, 3, 78
3850, 1682, 71, 728
3851, 1024, 30, 269
3852, 879, 14, 221
3853, 699, 1, 767
3854, 987, 68, 936
3855, 779, 28, 607
3856, 904, 36, 559
3857, 858, 33, 762
3858, 701, 96, 696
3859, 1570, 49, 112
3860, 564, 2, 422
3861, 1160, 55, 49
3862, 1216, 74, 974
3863, 1041, 39, 366
3864, 1177, 35, 669
3865, 164, 87, 324
3866, 594, 62, 262
3867, 1814, 95, 178
3868, 1756, 30, 76
3869, 42, 51, 243
3870, 1531, 57, 570
3871, 368, 19, 573
3872, 1417, 80, 17
3873, 775, 81, 639
3874, 1927, 59, 854
3875, 1178, 87, 882
3876, 936, 44, 707
3877, 787, 69, 952
3878, 311, 45, 77
3879, 878, 2, 175
3880, 1398, 1, 934
3881, 69, 36, 151
3882, 1548, 79, 109
3883, 109, 1, 845
3884, 550, 91, 872
3885, 1801, 98, 148
3886, 537, 82, 83
3887, 19, 25, 22
3888, 1804, 36, 744
3889, 423, 94, 514
3890, 1228, 67, 548
3891, 895, 44, 461
3892, 734, 87, 181
3893, 1493, 4, 215
3894, 1504, 3, 120
3895, 1721, 23, 321
3896, 606, 96, 954
3897, 1299, 21, 337
3898, 1003, 40, 828
3899, 1525, 33, 387
3900, 1983, 19, 509
3901, 127, 51, 298
3902, 583, 61, 516
3903, 1932, 7, 735
3904, 1082, 19, 630
3905, 1655, 12, 117
3906, 1047, 78, 682
3907, 1331, 88, 727
3908, 1877, 38, 666
3909, 419, 25, 33
3910, 1632, 54, 366
3911, 843, 37, 274
3912, 56, 74, 636
3913, 397, 2, 2
3914, 1418, 45, 971
3915, 0, 59, 683
3916, 308, 31, 437
3917, 1344, 57, 760
3918, 1610, 88, 674
3919, 1302, 76, 597
3920, 666, 76, 536
3921, 1748, 60, 816
3922, 1621, 96, 775
3923, 422, 23, 748
3924, 1916, 9, 36
3925, 228, 62, 535
3926, 218, 40, 478
3927, 1423, 16, 383
3928, 1884, 84, 23
3929, 718, 78, 93
3930, 517, 18, 624
3931, 1007, 41, 449
3932, 246, 92, 340
3933, 1393, 83, 358
3934, 228, 35, 287
3935, 1466, 7, 791
3936, 1155, 19, 425
3937, 973, 40, 485
3938, 1552, 32, 74
3939, 1018, 13, 99
3940, 692, 27, 783
3941, 76, 71, 346
3942, 1826, 81, 263
3943, 1757, 58, 950
3944, 321, 11, 39
3945, 214, 58, 827
3946, 1511, 22, 436
3947, 1285, 90, 804
3948, 68, 29, 630
3949, 1754, 45, 375
3950, 1338, 81, 745
3951, 800, 97, 25
3952, 254, 76, 725
3953, 1551, 39, 837
3954, 324, 50, 684
3955, 961, 44, 537
3956, 1708, 21, 495
3957, 18, 99, 604
3958, 571, 35, 777
3959, 79, 17, 29
3960, 1918, 22, 375
3961, 1665, 91, 269
3962, 1404, 80, 774
3963, 513, 4, 129
3964, 142, 50, 446
3965, 1022, 97, 955
3966, 1534, 59, 80
3967, 1412, 91, 329
3968, 81, 69, 862
3969, 71, 60, 35
3970, 541, 53, 884
3971, 796, 56, 387
3972, 1028, 4, 366
3973, 730, 34, 151
3974, 872, 80, 964
3975, 878, 42, 464
3976, 1100, 6, 371
3977, 942, 55, 980
3978, 1248, 33, 589
3979, 759, 72, 980
3980, 1811, 49, 479
3981, 467, 5, 500
3982, 1541, 39, 995
3983, 510, 31, 445
3984, 739, 79, 681
3985, 707, 26, 263
3986, 103, 66, 713
3987, 1309, 94, 32
3988, 106, 10, 977
3989, 1514, 80, 315
3990, 1197, 22, 591
3991, 1269, 23, 94
3992, 498, 47, 902
3993, 857, 80, 683
3994, 1390, 51, 873
3995, 1527, 79, 13
3996, 914, 40, 150
3997, 1007, 95, 948
3998, 402, 82, 106
3999, 1640, 99, 642
